POB_TOTAL_INEI,POB_URBANA_INEI,POB_RURAL_INEI,DEMOGRAFIA_ID
37870,37125,745,1
39051,38221,830,2
39691,38800,891,3
40274,39322,952,4
281,147,134,5
278,140,138,6
277,135,142,7
276,132,144,8
1202,336,866,9
1180,311,869,10
1169,296,873,11
1158,281,877,12
696,467,229,13
702,459,243,14
705,452,253,15
707,444,263,16
604,178,426,17
589,164,425,18
581,156,425,19
575,148,427,20
1955,521,1434,21
1933,486,1447,22
1922,464,1458,23
1910,443,1467,24
532,183,349,25
539,176,363,26
541,170,371,27
543,164,379,28
1395,1338,57,29
1456,1392,64,30
1481,1413,68,31
1500,1428,72,32
4080,2312,1768,33
3966,2169,1797,34
3834,2045,1789,35
3697,1922,1775,36
3845,2859,986,37
3815,2778,1037,38
3799,2726,1073,39
3781,2672,1109,40
817,449,368,41
803,426,377,42
796,411,385,43
789,397,392,44
913,731,182,45
911,717,194,46
910,709,201,47
906,697,209,48
1507,1036,471,49
1534,1028,506,50
1561,1029,532,51
1586,1025,561,52
2296,631,1665,53
2266,588,1678,54
2251,561,1690,55
2235,535,1700,56
503,461,42,57
487,443,44,58
479,434,45,59
472,426,46,60
429,141,288,61
435,136,299,62
438,131,307,63
441,127,314,64
807,95,712,65
792,87,705,66
785,82,703,67
778,77,701,68
323,238,85,69
323,233,90,70
325,231,94,71
326,227,99,72
599,429,170,73
590,413,177,74
585,402,183,75
581,392,189,76
1279,217,1062,77
1261,200,1061,78
1252,190,1062,79
1243,180,1063,80
274,106,168,81
277,102,175,82
279,99,180,83
280,97,183,84
29540,26870,2670,85
29905,27173,2732,86
30240,27441,2799,87
30479,27620,2859,88
10300,2874,7426,89
10149,2806,7343,90
10049,2751,7298,91
9919,2685,7234,92
4787,2370,2417,93
4660,2293,2367,94
4563,2229,2334,95
4452,2158,2294,96
1292,669,623,97
1287,663,624,98
1281,655,626,99
1273,646,627,100
31300,5618,25682,101
32136,5709,26427,102
32789,5758,27031,103
33338,5781,27557,104
6631,4093,2538,105
6535,4014,2521,106
6453,3942,2511,107
6374,3871,2503,108
1354,1112,242,109
1332,1091,241,110
1309,1069,240,111
1283,1046,237,112
321,124,197,113
319,122,197,114
317,120,197,115
313,118,195,116
301,291,10,117
300,289,11,118
298,287,11,119
819,80,739,120
825,80,745,121
831,79,752,122
835,79,756,123
694,384,310,124
684,376,308,125
673,368,305,126
662,359,303,127
6409,3858,2551,128
6397,3829,2568,129
6380,3800,2580,130
6353,3763,2590,131
7994,6721,1273,132
7931,6653,1278,133
7855,6576,1279,134
7774,6493,1281,135
219,63,156,136
218,62,156,137
215,60,155,138
216,61,155,139
535,386,149,140
551,397,154,141
565,406,159,142
579,414,165,143
1656,865,791,144
1678,870,808,145
1698,876,822,146
1716,879,837,147
868,282,586,148
837,269,568,149
806,257,549,150
775,245,530,151
5802,2246,3556,152
5757,2210,3547,153
5706,2174,3532,154
5645,2133,3512,155
21071,4403,16668,156
20847,4335,16512,157
20569,4261,16308,158
20264,4178,16086,159
12213,1142,11071,160
12537,1166,11371,161
12854,1190,11664,162
13122,1208,11914,163
17543,2380,15163,164
17960,2424,15536,165
18364,2469,15895,166
18696,2501,16195,167
2381,2123,258,168
2375,2113,262,169
2363,2098,265,170
2345,2078,267,171
7422,4618,2804,172
7515,4641,2874,173
7584,4654,2930,174
7644,4656,2988,175
2068,366,1702,176
2045,357,1688,177
2015,347,1668,178
1983,336,1647,179
1975,1268,707,180
1933,1232,701,181
1887,1195,692,182
1838,1157,681,183
1939,1102,837,184
1923,1084,839,185
1899,1062,837,186
1875,1040,835,187
502,342,160,188
486,330,156,189
469,315,154,190
451,302,149,191
892,216,676,192
883,210,673,193
873,205,668,194
860,199,661,195
876,352,524,196
858,341,517,197
838,329,509,198
817,318,499,199
4139,2418,1721,200
4118,2387,1731,201
4086,2350,1736,202
4047,2308,1739,203
407,407,0,204
405,405,0,205
401,401,0,206
398,398,0,207
785,391,394,208
776,383,393,209
764,373,391,210
752,364,388,211
3939,1637,2302,212
3950,1623,2327,213
3953,1607,2346,214
3957,1591,2366,215
3734,542,3192,216
3712,531,3181,217
3679,519,3160,218
3641,504,3137,219
5125,400,4725,220
5075,389,4686,221
5012,379,4633,222
4940,366,4574,223
1399,269,1130,224
1389,263,1126,225
1374,257,1117,226
1356,250,1106,227
563,448,115,228
550,435,115,229
535,422,113,230
520,409,111,231
739,381,358,232
732,374,358,233
722,365,357,234
711,356,355,235
645,212,433,236
621,202,419,237
597,192,405,238
571,181,390,239
445,71,374,240
434,68,366,241
423,65,358,242
411,62,349,243
2114,441,1673,244
2145,441,1704,245
2168,439,1729,246
2189,437,1752,247
3127,902,2225,248
3070,873,2197,249
3004,843,2161,250
2935,813,2122,251
1367,787,580,252
1375,785,590,253
1378,780,598,254
1381,776,605,255
1449,898,551,256
1457,897,560,257
1458,892,566,258
1459,886,573,259
6399,5305,1094,260
6499,5388,1111,261
6551,5426,1125,262
6594,5457,1137,263
2799,71,2728,264
2877,73,2804,265
2914,73,2841,266
2946,73,2873,267
633,550,83,268
636,553,83,269
638,554,84,270
639,554,85,271
2722,794,1928,272
2664,777,1887,273
2590,753,1837,274
2515,727,1788,275
2465,447,2018,276
2431,441,1990,277
2385,431,1954,278
2338,420,1918,279
1691,905,786,280
1673,896,777,281
1647,880,767,282
1621,864,757,283
1566,1054,512,284
1559,1049,510,285
1539,1035,504,286
1519,1020,499,287
439,250,189,288
419,238,181,289
411,234,177,290
405,229,176,291
9830,615,9215,292
10028,627,9401,293
10127,630,9497,294
10206,633,9573,295
534,159,375,296
529,158,371,297
527,157,370,298
526,156,370,299
290,66,224,300
288,65,223,301
289,65,224,302
286,64,222,303
3754,415,3339,304
4048,448,3600,305
4277,471,3806,306
4504,493,4011,307
57076,39646,17430,308
57746,39856,17890,309
58380,40044,18336,310
58947,40172,18775,311
24794,8262,16532,312
24525,8059,16466,313
24236,7858,16378,314
23916,7649,16267,315
8819,3243,5576,316
8760,3179,5581,317
8695,3116,5579,318
8620,3049,5571,319
6471,3101,3370,320
6503,3082,3421,321
6531,3064,3467,322
6551,3040,3511,323
7269,1370,5899,324
7215,1336,5879,325
7156,1303,5853,326
7087,1270,5817,327
11182,4047,7135,328
11300,4036,7264,329
11412,4023,7389,330
11509,4005,7504,331
3242,585,2657,332
3245,575,2670,333
3247,566,2681,334
3249,558,2691,335
67418,61229,6189,336
68466,61927,6539,337
69249,62393,6856,338
69882,62721,7161,339
1723,450,1273,340
1698,429,1269,341
1682,413,1269,342
1669,397,1272,343
293,125,168,344
274,114,160,345
262,107,155,346
252,100,152,347
1689,288,1401,348
1652,271,1381,349
1627,258,1369,350
1608,247,1361,351
84931,70935,13996,352
87112,72228,14884,353
88989,73273,15716,354
90711,74178,16533,355
5138,2645,2493,356
5206,2623,2583,357
5254,2594,2660,358
5292,2562,2730,359
1122,285,837,360
1110,273,837,361
1102,263,839,362
1095,254,841,363
2514,1244,1270,364
2507,1214,1293,365
2503,1187,1316,366
2498,1161,1337,367
1020,335,685,368
998,318,680,369
984,306,678,370
973,294,679,371
5163,1344,3819,372
5235,1319,3916,373
5287,1293,3994,374
5328,1266,4062,375
3518,1155,2363,376
3489,1112,2377,377
3472,1077,2395,378
3456,1044,2412,379
7337,2007,5330,380
7529,1995,5534,381
7695,1980,5715,382
7848,1962,5886,383
2175,1064,1111,384
2182,1045,1137,385
2186,1027,1159,386
2184,1005,1179,387
1683,393,1290,388
1649,373,1276,389
1594,351,1243,390
1538,328,1210,391
371,212,159,392
358,202,156,393
342,189,153,394
327,179,148,395
1573,257,1316,396
1517,240,1277,397
1468,224,1244,398
1418,210,1208,399
739,297,442,400
727,286,441,401
715,275,440,402
703,264,439,403
3446,1847,1599,404
3413,1802,1611,405
3373,1756,1617,406
3325,1708,1617,407
1988,798,1190,408
1958,771,1187,409
1914,740,1174,410
1863,708,1155,411
1385,434,951,412
1346,413,933,413
1314,394,920,414
1283,377,906,415
1956,884,1072,416
1946,864,1082,417
1898,829,1069,418
1843,792,1051,419
4212,1246,2966,420
4135,1196,2939,421
4063,1151,2912,422
3986,1106,2880,423
1181,184,997,424
1152,174,978,425
1128,167,961,426
1104,159,945,427
4825,2008,2817,428
4787,1949,2838,429
4731,1888,2843,430
4665,1822,2843,431
2980,245,2735,432
2923,233,2690,433
2860,220,2640,434
2792,209,2583,435
4095,3815,280,436
4087,3800,287,437
4047,3754,293,438
3990,3692,298,439
231,189,42,440
215,175,40,441
210,170,40,442
203,163,40,443
1034,345,689,444
1020,334,686,445
990,317,673,446
958,300,658,447
2136,1103,1033,448
2079,1059,1020,449
2000,1002,998,450
1925,949,976,451
1856,715,1141,452
1868,708,1160,453
1888,700,1188,454
1899,688,1211,455
279,268,11,456
261,251,10,457
246,236,10,458
2404,1683,721,459
2348,1630,718,460
2265,1556,709,461
2183,1484,699,462
6610,5514,1096,463
6473,5374,1099,464
6401,5284,1117,465
6304,5174,1130,466
1408,1080,328,467
1341,1022,319,468
1271,961,310,469
1210,908,302,470
1361,353,1008,471
1365,346,1019,472
1336,331,1005,473
1298,313,985,474
458,344,114,475
444,331,113,476
421,312,109,477
399,293,106,478
520,384,136,479
515,378,137,480
501,364,137,481
486,350,136,482
915,811,104,483
874,772,102,484
830,730,100,485
792,694,98,486
492,408,84,487
471,389,82,488
449,368,81,489
429,350,79,490
656,568,88,491
633,546,87,492
605,520,85,493
580,495,85,494
16428,10541,5887,495
16675,10570,6105,496
16804,10532,6272,497
16917,10483,6434,498
2768,1030,1738,499
2794,1018,1776,500
2812,1005,1807,501
2820,988,1832,502
1529,739,790,503
1520,722,798,504
1507,704,803,505
1491,686,805,506
2579,778,1801,507
2598,766,1832,508
2610,753,1857,509
2613,737,1876,510
1607,295,1312,511
1617,289,1328,512
1624,283,1341,513
1628,276,1352,514
10593,3979,6614,515
10782,3964,6818,516
10940,3945,6995,517
11067,3913,7154,518
1458,641,817,519
1455,627,828,520
1455,617,838,521
1454,605,849,522
2505,395,2110,523
2502,384,2118,524
2502,374,2128,525
2498,364,2134,526
2943,995,1948,527
2915,964,1951,528
2901,939,1962,529
2886,916,1970,530
3778,1634,2144,531
3861,1638,2223,532
3933,1640,2293,533
3995,1636,2359,534
3278,742,2536,535
3288,725,2563,536
3298,710,2588,537
3300,693,2607,538
11158,3756,7402,539
11083,3659,7424,540
10975,3555,7420,541
10842,3446,7396,542
3282,1085,2197,543
3233,1048,2185,544
3171,1008,2163,545
3101,968,2133,546
4257,866,3391,547
4180,831,3349,548
4085,795,3290,549
3982,757,3225,550
39286,35891,3395,551
40363,36731,3632,552
41315,37451,3864,553
42209,38111,4098,554
5276,2758,2518,555
5413,2769,2644,556
5533,2772,2761,557
5645,2770,2875,558
2313,1667,646,559
2340,1665,675,560
2360,1659,701,561
2375,1648,727,562
9002,3353,5649,563
9140,3310,5830,564
9264,3265,5999,565
9376,3215,6161,566
1792,1337,455,567
1790,1325,465,568
1794,1319,475,569
1795,1310,485,570
391,209,182,571
380,200,180,572
366,191,175,573
352,181,171,574
483,401,82,575
481,397,84,576
474,388,86,577
464,379,85,578
2874,1105,1769,579
2881,1086,1795,580
2892,1070,1822,581
2901,1056,1845,582
1084,815,269,583
1078,803,275,584
1062,786,276,585
1044,767,277,586
672,253,419,587
666,246,420,588
654,237,417,589
638,227,411,590
741,694,47,591
741,692,49,592
727,678,49,593
712,662,50,594
9806,6254,3552,595
9803,6197,3606,596
9796,6133,3663,597
9786,6070,3716,598
1443,295,1148,599
1414,283,1131,600
1394,274,1120,601
1371,264,1107,602
2690,665,2025,603
2661,646,2015,604
2651,631,2020,605
2637,615,2022,606
8517,2369,6148,607
8462,2313,6149,608
8467,2271,6196,609
8464,2228,6236,610
1862,790,1072,611
1841,770,1071,612
1836,757,1079,613
1830,742,1088,614
1446,970,476,615
1401,932,469,616
1366,901,465,617
1330,870,460,618
3604,1610,1994,619
3589,1582,2007,620
3602,1564,2038,621
3614,1547,2067,622
2768,959,1809,623
2746,936,1810,624
2743,918,1825,625
2737,901,1836,626
1401,796,605,627
1360,764,596,628
1329,738,591,629
1297,712,585,630
1601,1268,333,631
1565,1233,332,632
1539,1206,333,633
1511,1177,334,634
2781,920,1861,635
2725,886,1839,636
2688,859,1829,637
2647,831,1816,638
751,524,227,639
751,520,231,640
759,522,237,641
764,520,244,642
1483,682,801,643
1461,663,798,644
1449,647,802,645
1433,632,801,646
18998,4919,14079,647
19498,4958,14540,648
19745,4925,14820,649
19991,4892,15099,650
2695,1097,1598,651
2694,1081,1613,652
2711,1071,1640,653
2724,1059,1665,654
1327,686,641,655
1293,660,633,656
1269,640,629,657
1246,620,626,658
26644,23294,3350,659
27123,23582,3541,660
27494,23780,3714,661
27805,23924,3881,662
820,238,582,663
814,229,585,664
806,221,585,665
797,212,585,666
3382,1798,1584,667
3405,1774,1631,668
3418,1746,1672,669
3424,1718,1706,670
971,385,586,671
961,371,590,672
955,360,595,673
950,349,601,674
782,340,442,675
763,324,439,676
751,312,439,677
742,301,441,678
26663,16042,10621,679
26949,15926,11023,680
27141,15779,11362,681
27281,15605,11676,682
1096,553,543,683
1110,548,562,684
1121,541,580,685
1130,535,595,686
1410,214,1196,687
1394,204,1190,688
1385,196,1189,689
1377,188,1189,690
1712,392,1320,691
1697,375,1322,692
1688,361,1327,693
1682,350,1332,694
1977,999,978,695
1967,973,994,696
1950,945,1005,697
1928,916,1012,698
8577,466,8111,699
8577,447,8130,700
8580,431,8149,701
8578,414,8164,702
6980,509,6471,703
6990,489,6501,704
6998,471,6527,705
7001,455,6546,706
4606,702,3904,707
4588,673,3915,708
4578,649,3929,709
4568,627,3941,710
1113,266,847,711
1092,252,840,712
1079,241,838,713
1069,233,836,714
2161,483,1678,715
2193,473,1720,716
2218,464,1754,717
2239,455,1784,718
3158,1472,1686,719
3122,1433,1689,720
3095,1398,1697,721
3063,1362,1701,722
4036,344,3692,723
4015,332,3683,724
3960,319,3641,725
3902,306,3596,726
1413,154,1259,727
1421,151,1270,728
1410,146,1264,729
1394,141,1253,730
2016,168,1848,731
1993,162,1831,732
1942,154,1788,733
1886,146,1740,734
1040,144,896,735
1015,137,878,736
989,130,859,737
965,124,841,738
6294,367,5927,739
6315,358,5957,740
6362,351,6011,741
6395,342,6053,742
2894,126,2768,743
2870,122,2748,744
2831,117,2714,745
2787,112,2675,746
1040,333,707,747
1036,325,711,748
1018,313,705,749
994,299,695,750
1275,864,411,751
1259,846,413,752
1245,830,415,753
1227,810,417,754
689,350,339,755
676,339,337,756
640,317,323,757
603,295,308,758
307,298,9,759
297,288,9,760
286,277,9,761
275,266,9,762
469,431,38,763
447,410,37,764
420,384,36,765
395,361,34,766
1553,488,1065,767
1566,482,1084,768
1580,477,1103,769
1586,471,1115,770
1313,951,362,771
1313,944,369,772
1302,930,372,773
1287,911,376,774
259,236,23,775
233,212,21,776
230,208,22,777
225,203,22,778
449,338,111,779
437,327,110,780
411,305,106,781
383,282,101,782
593,210,383,783
544,190,354,784
496,170,326,785
458,154,304,786
452,318,134,787
452,316,136,788
456,316,140,789
458,316,142,790
2608,1944,664,791
2588,1915,673,792
2558,1880,678,793
2522,1840,682,794
1043,356,687,795
1017,341,676,796
989,326,663,797
959,310,649,798
7877,4401,3476,799
7850,4333,3517,800
7793,4247,3546,801
7720,4157,3563,802
543,213,330,803
532,205,327,804
520,197,323,805
506,189,317,806
1087,715,372,807
1082,704,378,808
1072,692,380,809
1059,676,383,810
528,294,234,811
517,284,233,812
505,274,231,813
494,265,229,814
629,613,16,815
624,607,17,816
618,601,17,817
607,590,17,818
2529,1021,1508,819
2517,999,1518,820
2497,975,1522,821
2470,949,1521,822
3902,2424,1478,823
3697,2272,1425,824
3490,2122,1368,825
3287,1978,1309,826
1148,333,815,827
1147,326,821,828
1140,317,823,829
1133,309,824,830
2835,1341,1494,831
2800,1304,1496,832
2754,1264,1490,833
2704,1223,1481,834
14928,5682,9246,835
14933,5571,9362,836
14886,5447,9439,837
14818,5316,9502,838
3094,493,2601,839
3051,473,2578,840
2997,453,2544,841
2936,432,2504,842
6404,1053,5351,843
6369,1020,5349,844
6313,985,5328,845
6239,949,5290,846
2334,228,2106,847
2322,221,2101,848
2302,212,2090,849
2276,204,2072,850
4577,3237,1340,851
4527,3169,1358,852
4455,3089,1366,853
4374,3004,1370,854
4070,2766,1304,855
4060,2730,1330,856
4030,2681,1349,857
3990,2626,1364,858
409,360,49,859
394,346,48,860
379,332,47,861
362,316,46,862
614,320,294,863
580,298,282,864
546,276,270,865
511,255,256,866
893,712,181,867
855,677,178,868
816,641,175,869
776,605,171,870
1843,1700,143,871
1924,1770,154,872
1999,1835,164,873
2071,1895,176,874
901,513,388,875
854,480,374,876
808,447,361,877
762,416,346,878
1681,426,1255,879
1716,424,1292,880
1745,421,1324,881
1768,416,1352,882
440,292,148,883
432,283,149,884
423,274,149,885
412,264,148,886
2726,1796,930,887
2743,1787,956,888
2753,1774,979,889
2761,1758,1003,890
216601,207696,8905,891
216776,207391,9385,892
216641,206781,9860,893
216277,205938,10339,894
4828,1019,3809,895
4816,973,3843,896
4782,926,3856,897
4736,880,3856,898
17236,17236,0,899
17491,17491,0,900
17626,17626,0,901
17704,17704,0,902
3315,352,2963,903
3275,331,2944,904
3221,311,2910,905
3159,291,2868,906
8576,4389,4187,907
8683,4326,4357,908
8748,4244,4504,909
8791,4152,4639,910
14742,13706,1036,911
14846,13749,1097,912
14892,13738,1154,913
14908,13697,1211,914
5129,3842,1287,915
5225,3860,1365,916
5297,3858,1439,917
5355,3846,1509,918
22242,20119,2123,919
22689,20415,2274,920
23030,20611,2419,921
23318,20753,2565,922
174513,173373,1140,923
180252,179009,1243,924
185125,183781,1344,925
189526,188077,1449,926
5678,4457,1221,927
5687,4428,1259,928
5710,4406,1304,929
5726,4377,1349,930
1673,816,857,931
1647,788,859,932
1612,755,857,933
1572,721,851,934
535,197,338,935
514,185,329,936
490,172,318,937
466,160,306,938
2954,649,2305,939
2945,629,2316,940
2918,604,2314,941
2882,578,2304,942
933,463,470,943
916,446,470,944
894,426,468,945
870,406,464,946
3740,1054,2686,947
3701,1015,2686,948
3639,970,2669,949
3567,924,2643,950
2428,552,1876,951
2400,530,1870,952
2358,505,1853,953
2310,480,1830,954
2432,355,2077,955
2404,340,2064,956
2363,323,2040,957
2315,306,2009,958
6870,641,6229,959
6914,623,6291,960
6941,604,6337,961
6960,583,6377,962
1531,692,839,963
1502,665,837,964
1464,634,830,965
1423,603,820,966
22118,10216,11902,967
22302,10097,12205,968
22485,9983,12502,969
22654,9862,12792,970
1725,159,1566,971
1698,151,1547,972
1672,144,1528,973
1643,137,1506,974
6904,2403,4501,975
6881,2338,4543,976
6854,2275,4579,977
6821,2211,4610,978
1519,346,1173,979
1522,337,1185,980
1528,328,1200,981
1536,321,1215,982
13049,1366,11683,983
13137,1331,11806,984
13216,1296,11920,985
13284,1263,12021,986
2952,1065,1887,987
2964,1044,1920,988
2974,1024,1950,989
2981,1002,1979,990
1932,200,1732,991
1904,191,1713,992
1875,182,1693,993
1845,173,1672,994
5476,435,5041,995
5361,412,4949,996
5244,390,4854,997
5124,370,4754,998
74800,67561,7239,999
76639,68822,7817,1000
77767,69521,8246,1001
78681,70596,8085,1002
1425,1073,352,1003
1437,1067,370,1004
1448,1063,385,1005
1454,1077,377,1006
1887,342,1545,1007
1836,317,1519,1008
1819,304,1515,1009
1796,308,1488,1010
17127,7159,9968,1011
17064,6892,10172,1012
17120,6736,10384,1013
17128,6883,10245,1014
2896,574,2322,1015
2778,526,2252,1016
2667,486,2181,1017
2550,479,2071,1018
2953,1050,1903,1019
2813,963,1850,1020
2683,893,1790,1021
2547,868,1679,1022
2777,462,2315,1023
2673,423,2250,1024
2576,393,2183,1025
2471,389,2082,1026
2568,700,1868,1027
2490,650,1840,1028
2415,611,1804,1029
2332,606,1726,1030
11959,9847,2112,1031
12386,10091,2295,1032
12481,10086,2395,1033
12542,10203,2339,1034
45221,36547,8674,1035
46035,36959,9076,1036
47143,37561,9582,1037
48053,38541,9512,1038
5655,1348,4307,1039
5565,1292,4273,1040
5458,1230,4228,1041
5368,1242,4126,1042
1224,742,482,1043
1209,724,485,1044
1193,704,489,1045
1180,706,474,1046
5229,2872,2357,1047
5070,2742,2328,1048
4834,2568,2266,1049
4654,2511,2143,1050
3904,428,3476,1051
3846,409,3437,1052
3780,388,3392,1053
3724,395,3329,1054
770,479,291,1055
751,462,289,1056
727,440,287,1057
708,434,274,1058
6234,1449,4785,1059
6069,1374,4695,1060
5833,1282,4551,1061
5650,1274,4376,1062
3451,448,3003,1063
3334,420,2914,1064
3156,384,2772,1065
3022,379,2643,1066
8514,1051,7463,1067
8367,1003,7364,1068
8185,949,7236,1069
8037,959,7078,1070
2293,644,1649,1071
2268,622,1646,1072
2267,604,1663,1073
2256,616,1640,1074
901,644,257,1075
890,630,260,1076
880,615,265,1077
871,615,256,1078
3028,1455,1573,1079
3000,1416,1584,1080
2978,1377,1601,1081
2955,1392,1563,1082
22184,12734,9450,1083
22241,12580,9661,1084
22469,12499,9970,1085
22601,12756,9845,1086
1673,636,1037,1087
1650,614,1036,1088
1626,591,1035,1089
1605,596,1009,1090
8674,4394,4280,1091
8570,4269,4301,1092
8466,4136,4330,1093
8373,4161,4212,1094
19711,11837,7874,1095
19901,11788,8113,1096
20291,11831,8460,1097
20572,12162,8410,1098
1939,514,1425,1099
1912,494,1418,1100
1883,474,1409,1101
1857,479,1378,1102
3778,1138,2640,1103
3736,1099,2637,1104
3696,1058,2638,1105
3660,1073,2587,1106
1802,1130,672,1107
1748,1082,666,1108
1669,1018,651,1109
1610,995,615,1110
4449,3080,1369,1111
4596,3148,1448,1112
4795,3244,1551,1113
4975,3402,1573,1114
2895,2134,761,1115
2860,2103,757,1116
2808,2059,749,1117
2747,2039,708,1118
590,471,119,1119
595,474,121,1120
602,477,125,1121
607,486,121,1122
2005,1344,661,1123
2049,1369,680,1124
2074,1381,693,1125
2094,1415,679,1126
1763,1575,188,1127
1738,1551,187,1128
1705,1520,185,1129
1664,1491,173,1130
2390,1728,662,1131
2369,1708,661,1132
2316,1665,651,1133
2259,1644,615,1134
1091,1000,91,1135
1079,988,91,1136
1061,971,90,1137
1040,954,86,1138
1120,915,205,1139
1091,890,201,1140
1056,859,197,1141
1018,836,182,1142
5164,4444,720,1143
5191,4447,744,1144
5203,4436,767,1145
5208,4465,743,1146
606,232,374,1147
593,223,370,1148
575,212,363,1149
554,209,345,1150
949,900,49,1151
919,870,49,1152
882,833,49,1153
844,799,45,1154
1939,984,955,1155
1907,953,954,1156
1864,916,948,1157
1814,909,905,1158
721,489,232,1159
712,478,234,1160
687,457,230,1161
661,445,216,1162
2598,812,1786,1163
2491,761,1730,1164
2380,709,1671,1165
2268,694,1574,1166
466,157,309,1167
453,149,304,1168
443,143,300,1169
430,143,287,1170
747,218,529,1171
723,206,517,1172
701,195,506,1173
678,195,483,1174
1552,328,1224,1175
1507,311,1196,1176
1443,290,1153,1177
1371,284,1087,1178
1054,558,496,1179
1041,543,498,1180
1023,525,498,1181
1002,524,478,1182
784,638,146,1183
770,623,147,1184
745,599,146,1185
719,582,137,1186
1137,535,602,1187
1118,517,601,1188
1093,496,597,1189
1063,492,571,1190
742,168,574,1191
736,163,573,1192
710,153,557,1193
683,152,531,1194
1926,215,1711,1195
1901,205,1696,1196
1867,196,1671,1197
1828,198,1630,1198
2320,732,1588,1199
2255,696,1559,1200
2161,651,1510,1201
2063,638,1425,1202
1301,423,878,1203
1266,403,863,1204
1215,378,837,1205
1158,370,788,1206
1006,576,430,1207
987,558,429,1208
962,535,427,1209
932,528,404,1210
10816,4558,6258,1211
10789,4498,6291,1212
10713,4428,6285,1213
10660,4515,6145,1214
4089,1668,2421,1215
4052,1634,2418,1216
4028,1610,2418,1217
4001,1640,2361,1218
6860,989,5871,1219
6756,958,5798,1220
6691,936,5755,1221
6651,965,5686,1222
9840,5225,4615,1223
9712,5111,4601,1224
9511,4971,4540,1225
9474,5051,4423,1226
6171,1169,5002,1227
6127,1143,4984,1228
6091,1122,4969,1229
6084,1160,4924,1230
16776,7015,9761,1231
17772,7351,10421,1232
18364,7529,10835,1233
18656,7840,10816,1234
5529,3245,2284,1235
5495,3196,2299,1236
5472,3016,2456,1237
5443,3069,2374,1238
10749,8128,2621,1239
10695,8045,2650,1240
10540,7679,2861,1241
10382,7669,2713,1242
1772,466,1306,1243
1729,447,1282,1244
1718,405,1313,1245
1707,419,1288,1246
6836,2546,4290,1247
6711,2467,4244,1248
5489,2267,3222,1249
5389,2293,3096,1250
7125,1745,5380,1251
7036,1696,5340,1252
6962,1526,5436,1253
6877,1568,5309,1254
2408,307,2101,1255
2352,295,2057,1256
2320,260,2060,1257
2287,269,2018,1258
2794,1052,1742,1259
2765,1028,1737,1260
2743,942,1801,1261
2717,965,1752,1262
4209,983,3226,1263
4158,955,3203,1264
4116,859,3257,1265
4068,883,3185,1266
2810,892,1918,1267
2787,871,1916,1268
2770,794,1976,1269
2751,818,1933,1270
1788,1220,568,1271
1771,1200,571,1272
1758,1143,615,1273
1743,1154,589,1274
1050,274,776,1275
1045,268,777,1276
1043,244,799,1277
1040,253,787,1278
1110,963,147,1279
1090,953,137,1280
5295,3143,2152,1281
5255,3088,2167,1282
5150,2997,2153,1283
5036,2987,2049,1284
2003,411,1592,1285
1967,396,1571,1286
1918,379,1539,1287
1861,382,1479,1288
2791,283,2508,1289
2696,268,2428,1290
2588,251,2337,1291
2476,251,2225,1292
1385,349,1036,1293
1346,333,1013,1294
1298,315,983,1295
1246,314,932,1296
900,545,355,1297
893,536,357,1298
879,522,357,1299
862,522,340,1300
933,413,520,1301
905,395,510,1302
872,377,495,1303
835,370,465,1304
814,406,408,1305
794,391,403,1306
769,374,395,1307
742,370,372,1308
3194,1173,2021,1309
3222,1165,2057,1310
3235,1153,2082,1311
3241,1191,2050,1312
278,236,42,1313
271,230,41,1314
262,220,42,1315
252,214,38,1316
576,245,331,1317
562,235,327,1318
545,225,320,1319
527,223,304,1320
652,591,61,1321
640,579,61,1322
622,561,61,1323
603,547,56,1324
1321,1276,45,1325
1324,1278,46,1326
1327,1280,47,1327
1326,1281,45,1328
668,613,55,1329
643,588,55,1330
614,561,53,1331
583,535,48,1332
1263,461,802,1333
1241,445,796,1334
1210,428,782,1335
1173,427,746,1336
55033,55033,0,1337
54400,54400,0,1338
54412,54412,0,1339
54396,54396,0,1340
87291,87291,0,1341
88537,88537,0,1342
90180,90180,0,1343
91755,91755,0,1344
100686,100670,16,1345
103140,103123,17,1346
105760,105743,17,1347
108314,108299,15,1348
217894,217615,279,1349
229142,228840,302,1350
235305,234988,317,1351
241328,241040,288,1352
15190,14495,695,1353
16263,15499,764,1354
16987,16173,814,1355
17706,16950,756,1356
3080,2315,765,1357
3112,2323,789,1358
3171,2354,817,1359
3227,2468,759,1360
51442,51420,22,1361
51848,51825,23,1362
52729,52705,24,1363
53543,53521,22,1364
36807,32158,4649,1365
38103,33172,4931,1366
39668,34435,5233,1367
41181,36296,4885,1368
63460,63460,0,1369
64442,64442,0,1370
65809,65809,0,1371
67014,67014,0,1372
62586,62586,0,1373
63632,63632,0,1374
65064,65064,0,1375
66339,66339,0,1376
6172,5382,790,1377
6998,6081,917,1378
7363,6379,984,1379
7727,6798,929,1380
133175,133175,0,1381
134099,134099,0,1382
135781,135781,0,1383
137061,137061,0,1384
458,250,208,1385
447,241,206,1386
442,235,207,1387
437,245,192,1388
836,347,489,1389
797,325,472,1390
771,310,461,1391
746,322,424,1392
6085,5946,139,1393
6977,6813,164,1394
7324,7148,176,1395
7669,7506,163,1396
4476,4463,13,1397
4544,4530,14,1398
4648,4634,14,1399
4745,4732,13,1400
26163,26163,0,1401
27038,27038,0,1402
28101,28101,0,1403
29124,29124,0,1404
601,431,170,1405
561,399,162,1406
546,386,160,1407
530,387,143,1408
1353,551,802,1409
1299,520,779,1410
1265,500,765,1411
1233,524,709,1412
686,88,598,1413
650,81,569,1414
635,78,557,1415
618,84,534,1416
7187,6951,236,1417
7478,7226,252,1418
7821,7552,269,1419
8156,7906,250,1420
79147,78626,521,1421
80977,80429,548,1422
83367,82790,577,1423
85605,85079,526,1424
16848,16346,502,1425
17023,16501,522,1426
17297,16756,541,1427
17520,17033,487,1428
15689,14788,901,1429
16195,15240,955,1430
16812,15800,1012,1431
17404,16469,935,1432
4332,2066,2266,1433
4506,2119,2387,1434
4713,2189,2524,1435
4915,2432,2483,1436
26099,26099,0,1437
26354,26354,0,1438
26755,26755,0,1439
27081,27081,0,1440
1482,1442,40,1441
1528,1485,43,1442
1584,1539,45,1443
1638,1597,41,1444
39899,39299,600,1445
43033,42367,666,1446
44322,43622,700,1447
45585,44946,639,1448
82261,82261,0,1449
82642,82642,0,1450
83264,83264,0,1451
83807,83807,0,1452
12855,12852,3,1453
12677,12674,3,1454
12527,12524,3,1455
12379,12377,2,1456
4645,4636,9,1457
4710,4701,9,1458
4761,4752,9,1459
4804,4798,6,1460
8014,1031,6983,1461
8448,1111,7337,1462
8863,1189,7674,1463
9273,1704,7569,1464
6371,5937,434,1465
6450,6021,429,1466
6512,6088,424,1467
6562,6262,300,1468
7583,7464,119,1469
7723,7604,119,1470
7843,7725,118,1471
7949,7867,82,1472
4082,3470,612,1473
4040,3446,594,1474
4005,3429,576,1475
3970,3559,411,1476
1048,189,859,1477
1072,197,875,1478
1093,204,889,1479
1115,280,835,1480
16302,15881,421,1481
16588,16170,418,1482
16829,16415,414,1483
17046,16755,291,1484
4198,4025,173,1485
4227,4042,185,1486
4284,4088,196,1487
4332,4158,174,1488
5081,3498,1583,1489
5172,3489,1683,1490
5283,3510,1773,1491
5381,3735,1646,1492
5809,5002,807,1493
5962,5087,875,1494
6127,5192,935,1495
6271,5419,852,1496
493,103,390,1497
475,94,381,1498
466,89,377,1499
455,97,358,1500
3065,2750,315,1501
2978,2654,324,1502
2935,2603,332,1503
2895,2605,290,1504
628,161,467,1505
609,149,460,1506
599,142,457,1507
591,155,436,1508
9862,9509,353,1509
10368,9975,393,1510
10605,10184,421,1511
10832,10454,378,1512
3639,2339,1300,1513
3613,2269,1344,1514
3567,2201,1366,1515
3516,2281,1235,1516
3144,77,3067,1517
3199,75,3124,1518
3268,72,3196,1519
3327,84,3243,1520
1585,1443,142,1521
1576,1426,150,1522
1581,1424,157,1523
1585,1445,140,1524
1548,1463,85,1525
1580,1488,92,1526
1603,1505,98,1527
1625,1538,87,1528
1903,906,997,1529
1902,875,1027,1530
1905,854,1051,1531
1906,919,987,1532
2006,1664,342,1533
2029,1665,364,1534
2060,1677,383,1535
2087,1740,347,1536
8961,7000,1961,1537
8964,6942,2022,1538
8994,6904,2090,1539
9023,7067,1956,1540
1031,756,275,1541
1010,733,277,1542
993,713,280,1543
977,719,258,1544
239,190,49,1545
230,182,48,1546
223,175,48,1547
216,173,43,1548
1664,565,1099,1549
1643,544,1099,1550
1611,519,1092,1551
1579,541,1038,1552
1018,642,376,1553
1034,643,391,1554
1053,645,408,1555
1073,680,393,1556
694,271,423,1557
666,254,412,1558
641,238,403,1559
618,243,375,1560
1574,1328,246,1561
1586,1329,257,1562
1602,1334,268,1563
1618,1368,250,1564
484,226,258,1565
457,209,248,1566
433,194,239,1567
408,192,216,1568
8542,7955,587,1569
8557,7947,610,1570
8612,7976,636,1571
8667,8078,589,1572
1944,1345,599,1573
1862,1273,589,1574
1788,1207,581,1575
1717,1193,524,1576
440,130,310,1577
429,123,306,1578
420,118,302,1579
411,123,288,1580
206,119,87,1581
202,115,87,1582
200,113,87,1583
197,115,82,1584
6638,4240,2398,1585
6590,4152,2438,1586
6510,4042,2468,1587
6429,4126,2303,1588
1549,1076,473,1589
1513,1038,475,1590
1484,1006,478,1591
1456,1015,441,1592
5948,5788,160,1593
5889,5725,164,1594
5877,5710,167,1595
5854,5701,153,1596
840,784,56,1597
817,761,56,1598
817,760,57,1599
815,763,52,1600
2149,2029,120,1601
2094,1974,120,1602
2077,1955,122,1603
2059,1948,111,1604
1427,885,542,1605
1357,832,525,1606
1334,809,525,1607
1307,822,485,1608
3718,3343,375,1609
3688,3306,382,1610
3677,3286,391,1611
3659,3302,357,1612
1147,784,363,1613
1126,762,364,1614
1125,754,371,1615
1121,776,345,1616
678,454,224,1617
660,437,223,1618
655,430,225,1619
649,440,209,1620
1003,565,438,1621
967,538,429,1622
966,531,435,1623
962,551,411,1624
574,556,18,1625
572,554,18,1626
572,552,20,1627
571,553,18,1628
881,825,56,1629
847,792,55,1630
830,774,56,1631
813,763,50,1632
723,408,315,1633
703,391,312,1634
695,383,312,1635
687,394,293,1636
704,693,11,1637
687,676,11,1638
683,672,11,1639
677,667,10,1640
664,656,8,1641
660,652,8,1642
659,651,8,1643
656,649,7,1644
901,418,483,1645
878,401,477,1646
867,389,478,1647
855,405,450,1648
687,546,141,1649
677,535,142,1650
677,532,145,1651
675,540,135,1652
799,66,733,1653
817,66,751,1654
844,67,777,1655
870,75,795,1656
1507,700,807,1657
1483,676,807,1658
1483,667,816,1659
1482,701,781,1660
617,520,97,1661
598,501,97,1662
590,493,97,1663
581,493,88,1664
2173,1799,374,1665
2158,1777,381,1666
2150,1762,388,1667
2138,1781,357,1668
68071,56270,11801,1669
70780,58186,12594,1670
72859,59611,13248,1671
74846,62255,12591,1672
3380,2857,523,1673
3361,2822,539,1674
3347,2792,555,1675
3336,2837,499,1676
685,225,460,1677
685,219,466,1678
678,211,467,1679
671,226,445,1680
3307,446,2861,1681
3275,425,2850,1682
3263,409,2854,1683
3251,453,2798,1684
684,326,358,1685
673,314,359,1686
663,303,360,1687
653,318,335,1688
607,355,252,1689
599,344,255,1690
591,334,257,1691
584,347,237,1692
3450,1658,1792,1693
3451,1621,1830,1694
3456,1590,1866,1695
3461,1698,1763,1696
448,246,202,1697
419,225,194,1698
396,209,187,1699
371,207,164,1700
4034,548,3486,1701
3963,518,3445,1702
3900,492,3408,1703
3840,540,3300,1704
26230,26008,222,1705
26453,26221,232,1706
26658,26417,241,1707
26843,26621,222,1708
8430,7541,889,1709
8363,7453,910,1710
8321,7390,931,1711
8284,7430,854,1712
7055,6815,240,1713
7129,6878,251,1714
7196,6935,261,1715
7255,7014,241,1716
5165,5165,0,1717
5202,5202,0,1718
5237,5237,0,1719
5269,5269,0,1720
1230,867,363,1721
1240,865,375,1722
1250,864,386,1723
1261,896,365,1724
6470,6407,63,1725
6464,6399,65,1726
6458,6391,67,1727
6448,6387,61,1728
2984,2170,814,1729
2981,2145,836,1730
2981,2124,857,1731
2982,2184,798,1732
1875,1752,123,1733
1851,1725,126,1734
1831,1702,129,1735
1813,1696,117,1736
591,375,216,1737
586,366,220,1738
582,359,223,1739
579,371,208,1740
1907,869,1038,1741
1867,834,1033,1742
1832,802,1030,1743
1798,831,967,1744
1129,412,717,1745
1106,394,712,1746
1087,379,708,1747
1068,397,671,1748
2384,998,1386,1749
2346,961,1385,1750
2314,930,1384,1751
2283,971,1312,1752
278,85,193,1753
278,83,195,1754
279,82,197,1755
279,88,191,1756
313,145,168,1757
300,136,164,1758
289,128,161,1759
279,130,149,1760
315,228,87,1761
313,224,89,1762
311,220,91,1763
309,224,85,1764
675,298,377,1765
658,285,373,1766
643,273,370,1767
630,283,347,1768
538,228,310,1769
511,212,299,1770
493,200,293,1771
476,204,272,1772
108794,106055,2739,1773
111370,108426,2944,1774
112794,109692,3102,1775
113761,111162,2599,1776
8573,1472,7101,1777
8818,1451,7367,1778
8974,1427,7547,1779
9095,1693,7402,1780
4844,707,4137,1781
4964,694,4270,1782
5030,679,4351,1783
5079,806,4273,1784
30973,30227,746,1785
31712,30910,802,1786
32121,31276,845,1787
32402,31694,708,1788
6512,2558,3954,1789
6691,2548,4143,1790
6802,2526,4276,1791
6886,2869,4017,1792
6018,1174,4844,1793
6172,1156,5016,1794
6263,1136,5127,1795
6328,1337,4991,1796
3477,1633,1844,1797
3565,1629,1936,1798
3617,1617,2000,1799
3654,1806,1848,1800
5676,2236,3440,1801
5821,2224,3597,1802
5905,2200,3705,1803
5966,2494,3472,1804
1558,136,1422,1805
1596,133,1463,1806
1620,130,1490,1807
1635,156,1479,1808
52764,52694,70,1809
53934,53859,75,1810
54544,54464,80,1811
54933,54868,65,1812
1598,733,865,1813
1639,732,907,1814
1662,725,937,1815
1680,812,868,1816
6674,989,5685,1817
6846,971,5875,1818
6947,952,5995,1819
7022,1131,5891,1820
5835,258,5577,1821
6001,253,5748,1822
6106,248,5858,1823
6187,301,5886,1824
15780,590,15190,1825
16233,579,15654,1826
16519,566,15953,1827
16743,689,16054,1828
20517,19385,1132,1829
21028,19811,1217,1830
21321,20040,1281,1831
21530,20449,1081,1832
30725,26859,3866,1833
31411,27281,4130,1834
31770,27445,4325,1835
32000,28310,3690,1836
5929,2328,3601,1837
5842,2266,3576,1838
5742,2204,3538,1839
5638,2245,3393,1840
9080,3283,5797,1841
9119,3255,5864,1842
9146,3229,5917,1843
9181,3370,5811,1844
8227,2866,5361,1845
8217,2825,5392,1846
8188,2783,5405,1847
8152,2884,5268,1848
2088,433,1655,1849
2026,413,1613,1850
1963,395,1568,1851
1899,401,1498,1852
4347,1418,2929,1853
4279,1377,2902,1854
4202,1337,2865,1855
4122,1365,2757,1856
3079,1413,1666,1857
2999,1361,1638,1858
2916,1312,1604,1859
2830,1316,1514,1860
3217,3019,198,1861
3181,2980,201,1862
3156,2952,204,1863
3137,2948,189,1864
1836,1582,254,1865
1774,1522,252,1866
1731,1480,251,1867
1696,1464,232,1868
1346,775,571,1869
1308,744,564,1870
1282,721,561,1871
1262,733,529,1872
2126,1035,1091,1873
2078,996,1082,1874
2045,969,1076,1875
2018,992,1026,1876
42825,35902,6923,1877
43266,36027,7239,1878
43939,36364,7575,1879
44491,37224,7267,1880
1139,438,701,1881
1072,402,670,1882
1023,375,648,1883
981,374,607,1884
4287,1844,2443,1885
4188,1759,2429,1886
4113,1691,2422,1887
4028,1720,2308,1888
2865,767,2098,1889
2861,743,2118,1890
2860,723,2137,1891
2857,757,2100,1892
6157,2181,3976,1893
6217,2144,4073,1894
6311,2125,4186,1895
6389,2246,4143,1896
3985,1308,2677,1897
3900,1245,2655,1898
3678,1197,2481,1899
3553,1208,2345,1900
11836,4304,7532,1901
11685,4138,7547,1902
11594,4010,7584,1903
11474,4140,7334,1904
11371,5222,6149,1905
11466,5149,6317,1906
11622,5115,6507,1907
11748,5360,6388,1908
4233,2152,2081,1909
4384,2183,2201,1910
4515,2208,2307,1911
4646,2348,2298,1912
3763,444,3319,1913
3672,417,3255,1914
3605,397,3208,1915
3526,412,3114,1916
2453,483,1970,1917
2299,438,1861,1918
2167,401,1766,1919
2040,398,1642,1920
2230,949,1281,1921
2195,912,1283,1922
2172,884,1288,1923
2143,906,1237,1924
160,51,109,1925
212,71,141,1926
11373,4821,6552,1927
11410,4762,6648,1928
8145,3881,4264,1929
8191,4048,4143,1930
8300,2379,5921,1931
8105,2278,5827,1932
5691,910,4781,1933
5545,942,4603,1934
10067,7268,2799,1935
9995,7161,2834,1936
9932,7065,2867,1937
9874,7165,2709,1938
1633,222,1411,1939
1558,207,1351,1940
1502,195,1307,1941
1447,199,1248,1942
4505,604,3901,1943
4443,581,3862,1944
4379,560,3819,1945
4320,588,3732,1946
1361,177,1184,1947
1365,173,1192,1948
1372,170,1202,1949
1380,182,1198,1950
12633,9038,3595,1951
12686,9005,3681,1952
12728,8967,3761,1953
12772,9185,3587,1954
9850,6048,3802,1955
9302,5651,3651,1956
8733,5252,3481,1957
8165,5048,3117,1958
10847,5986,4861,1959
10997,5994,5003,1960
8914,5198,3716,1961
9020,5415,3605,1962
4429,1028,3401,1963
4345,987,3358,1964
4255,949,3306,1965
4170,981,3189,1966
1098,179,919,1967
1071,171,900,1968
1049,164,885,1969
1027,170,857,1970
2203,1293,910,1971
2146,1296,850,1972
2214,805,1409,1973
2241,853,1388,1974
1869,531,1338,1975
1880,562,1318,1976
1462,317,1145,1977
1471,337,1134,1978
14572,13632,940,1979
14535,13564,971,1980
14527,13529,998,1981
14517,13583,934,1982
2788,2023,765,1983
2665,1914,751,1984
2574,1833,741,1985
2503,1817,686,1986
2068,2022,46,1987
1976,1930,46,1988
1909,1863,46,1989
1857,1816,41,1990
1637,1553,84,1991
1532,1451,81,1992
1453,1373,80,1993
1391,1320,71,1994
2312,1428,884,1995
2296,1398,898,1996
2286,1376,910,1997
2279,1410,869,1998
2551,1533,1018,1999
2443,1446,997,2000
2363,1381,982,2001
2299,1383,916,2002
1627,530,1097,2003
1550,492,1058,2004
1493,464,1029,2005
1449,473,976,2006
1702,815,887,2007
1676,787,889,2008
1658,765,893,2009
1645,788,857,2010
1133,497,636,2011
1095,470,625,2012
1067,451,616,2013
1045,460,585,2014
913,457,456,2015
877,431,446,2016
854,413,441,2017
832,417,415,2018
2790,1590,1200,2019
2703,1516,1187,2020
2640,1460,1180,2021
2590,1478,1112,2022
2334,924,1410,2023
2244,868,1376,2024
2178,827,1351,2025
2127,844,1283,2026
1932,500,1432,2027
1848,465,1383,2028
1786,440,1346,2029
1738,451,1287,2030
854,463,391,2031
848,452,396,2032
844,443,401,2033
841,456,385,2034
1842,1174,668,2035
1823,1146,677,2036
1811,1126,685,2037
1802,1150,652,2038
1012,837,175,2039
994,817,177,2040
981,802,179,2041
971,804,167,2042
2722,1394,1328,2043
2661,1338,1323,2044
2618,1295,1323,2045
2584,1326,1258,2046
941,384,557,2047
898,358,540,2048
866,340,526,2049
841,344,497,2050
4947,2389,2558,2051
4869,2307,2562,2052
4817,2245,2572,2053
4776,2311,2465,2054
846,836,10,2055
850,840,10,2056
854,844,10,2057
858,849,9,2058
1434,1061,373,2059
1455,1066,389,2060
1473,1070,403,2061
1486,1101,385,2062
13733,11072,2661,2063
13549,10855,2694,2064
13414,10687,2727,2065
13240,10690,2550,2066
2248,1658,590,2067
2179,1593,586,2068
2117,1536,581,2069
2053,1518,535,2070
1884,485,1399,2071
1934,486,1448,2072
1992,491,1501,2073
2045,529,1516,2074
599,291,308,2075
556,266,290,2076
520,246,274,2077
486,238,248,2078
6984,5877,1107,2079
7191,6020,1171,2080
7424,6187,1237,2081
7641,6437,1204,2082
2154,1137,1017,2083
2123,1104,1019,2084
2098,1076,1022,2085
2069,1095,974,2086
532,223,309,2087
518,213,305,2088
506,205,301,2089
493,208,285,2090
1145,162,983,2091
1089,150,939,2092
1038,139,899,2093
988,141,847,2094
3372,2802,570,2095
3376,2797,579,2096
3380,2794,586,2097
3385,2835,550,2098
463,301,162,2099
440,284,156,2100
417,267,150,2101
394,260,134,2102
456,301,155,2103
445,292,153,2104
434,283,151,2105
423,283,140,2106
2031,1630,401,2107
1983,1585,398,2108
1937,1545,392,2109
1892,1532,360,2110
636,527,109,2111
621,513,108,2112
606,500,106,2113
591,493,98,2114
1610,661,949,2115
1647,670,977,2116
1682,679,1003,2117
1716,725,991,2118
412,244,168,2119
392,231,161,2120
373,219,154,2121
354,213,141,2122
290,95,195,2123
275,89,186,2124
260,83,177,2125
246,83,163,2126
242,158,84,2127
247,160,87,2128
251,162,89,2129
255,169,86,2130
505,456,49,2131
483,436,47,2132
460,414,46,2133
438,397,41,2134
2618,2279,339,2135
2600,2254,346,2136
2589,2235,354,2137
2583,2251,332,2138
325,266,59,2139
310,252,58,2140
300,243,57,2141
293,240,53,2142
481,226,255,2143
461,212,249,2144
448,203,245,2145
439,206,233,2146
497,277,220,2147
481,264,217,2148
471,255,216,2149
464,260,204,2150
365,268,97,2151
348,253,95,2152
337,244,93,2153
328,242,86,2154
1274,921,353,2155
1243,889,354,2156
1223,868,355,2157
1208,875,333,2158
544,486,58,2159
517,460,57,2160
499,443,56,2161
486,434,52,2162
829,436,393,2163
814,421,393,2164
805,411,394,2165
798,421,377,2166
982,237,745,2167
936,221,715,2168
906,209,697,2169
883,215,668,2170
565,469,96,2171
549,454,95,2172
537,449,88,2173
1038,915,123,2174
1017,892,125,2175
1004,878,126,2176
994,877,117,2177
1923,1768,155,2178
1878,1724,154,2179
1847,1693,154,2180
1823,1682,141,2181
1474,1245,229,2182
1399,1178,221,2183
1345,1129,216,2184
1302,1107,195,2185
602,436,166,2186
565,407,158,2187
537,385,152,2188
516,379,137,2189
484,157,327,2190
482,154,328,2191
481,152,329,2192
480,160,320,2193
4045,3348,697,2194
4027,3320,707,2195
4018,3304,714,2196
4012,3345,667,2197
1158,827,331,2198
1138,808,330,2199
1125,795,330,2200
1115,806,309,2201
1039,614,425,2202
1020,598,422,2203
1007,586,421,2204
997,600,397,2205
1124,500,624,2206
1107,487,620,2207
1096,477,619,2208
1087,495,592,2209
1283,1266,17,2210
1241,1225,16,2211
1211,1195,16,2212
1188,1173,15,2213
2070,1842,228,2214
1985,1763,222,2215
1924,1704,220,2216
1876,1677,199,2217
2661,2250,411,2218
2624,2211,413,2219
2599,2184,415,2220
2579,2195,384,2221
2447,778,1669,2222
2400,751,1649,2223
2368,732,1636,2224
2343,765,1578,2225
6663,2561,4102,2226
6513,2467,4046,2227
6421,2402,4019,2228
6353,2473,3880,2229
887,690,197,2230
851,659,192,2231
828,639,189,2232
812,635,177,2233
837,508,329,2234
812,488,324,2235
796,475,321,2236
785,480,305,2237
1642,253,1389,2238
1558,236,1322,2239
1504,224,1280,2240
1465,231,1234,2241
1342,576,766,2242
1280,542,738,2243
1240,520,720,2244
1212,526,686,2245
1144,426,718,2246
1095,402,693,2247
1064,386,678,2248
1042,393,649,2249
1075,237,838,2250
1042,225,817,2251
1022,218,804,2252
1007,226,781,2253
3965,1726,2239,2254
3912,1681,2231,2255
3881,1650,2231,2256
3859,1701,2158,2257
240461,197800,42661,2258
245137,200221,44916,2259
247044,200698,46346,2260
248596,200848,47748,2261
8137,1115,7022,2262
7896,1046,6850,2263
7632,986,6646,2264
7359,927,6432,2265
3880,317,3563,2266
3863,304,3559,2267
3847,296,3551,2268
3827,286,3541,2269
7222,729,6493,2270
7159,697,6462,2271
7117,676,6441,2272
7069,654,6415,2273
20310,1383,18927,2274
20052,1317,18735,2275
19735,1261,18474,2276
19393,1206,18187,2277
16483,3202,13281,2278
16666,3136,13530,2279
16751,3079,13672,2280
16813,3017,13796,2281
6508,753,5755,2282
6657,744,5913,2283
6695,729,5966,2284
6723,714,6009,2285
51608,21275,30333,2286
53298,21466,31832,2287
54396,21529,32867,2288
55412,21548,33864,2289
8851,2958,5893,2290
8809,2868,5941,2291
8770,2799,5971,2292
8722,2729,5993,2293
3795,795,3000,2294
3793,770,3023,2295
3784,750,3034,2296
3766,729,3037,2297
10253,1759,8494,2298
10308,1712,8596,2299
10364,1680,8684,2300
10406,1647,8759,2301
4560,989,3571,2302
4532,953,3579,2303
4510,927,3583,2304
4485,902,3583,2305
33715,19192,14523,2306
34231,19229,15002,2307
34538,19193,15345,2308
34762,19115,15647,2309
25479,944,24535,2310
25575,920,24655,2311
25589,899,24690,2312
25599,880,24719,2313
15143,1249,13894,2314
15319,1228,14091,2315
15434,1210,14224,2316
15519,1190,14329,2317
8097,2454,5643,2318
8042,2386,5656,2319
7955,2319,5636,2320
7867,2256,5611,2321
28761,20212,8549,2322
29097,20132,8965,2323
29442,20071,9371,2324
29695,19935,9760,2325
2732,185,2547,2326
2699,175,2524,2327
2667,165,2502,2328
2626,155,2471,2329
7406,478,6928,2330
7343,452,6891,2331
7282,429,6853,2332
7197,405,6792,2333
11069,1203,9866,2334
10885,1128,9757,2335
10703,1065,9638,2336
10485,999,9486,2337
468,192,276,2338
461,184,277,2339
455,176,279,2340
447,168,279,2341
2762,385,2377,2342
2751,367,2384,2343
2740,350,2390,2344
2720,334,2386,2345
3993,346,3647,2346
3922,324,3598,2347
3853,304,3549,2348
3771,286,3485,2349
5874,590,5284,2350
5824,558,5266,2351
5776,530,5246,2352
5710,502,5208,2353
7683,657,7026,2354
7514,613,6901,2355
7348,575,6773,2356
7158,535,6623,2357
5491,1071,4420,2358
5455,1021,4434,2359
5419,976,4443,2360
5364,929,4435,2361
1097,59,1038,2362
1081,55,1026,2363
1067,52,1015,2364
1052,49,1003,2365
6946,927,6019,2366
6884,878,6006,2367
6823,836,5987,2368
6740,792,5948,2369
50847,22951,27896,2370
51231,22808,28423,2371
51686,22729,28957,2372
52061,22609,29452,2373
3290,388,2902,2374
3216,371,2845,2375
3147,356,2791,2376
3074,341,2733,2377
3669,724,2945,2378
3632,702,2930,2379
3600,683,2917,2380
3563,664,2899,2381
3704,313,3391,2382
3628,299,3329,2383
3558,288,3270,2384
3483,277,3206,2385
2274,536,1738,2386
2201,509,1692,2387
2130,484,1646,2388
2056,459,1597,2389
2377,311,2066,2390
2311,295,2016,2391
2248,282,1966,2392
2182,269,1913,2393
5899,1431,4468,2394
5832,1389,4443,2395
5774,1352,4422,2396
5708,1313,4395,2397
5986,503,5483,2398
5944,488,5456,2399
5911,476,5435,2400
5869,463,5406,2401
8660,1448,7212,2402
8584,1405,7179,2403
8522,1370,7152,2404
8448,1333,7115,2405
11681,2102,9579,2406
11586,2042,9544,2407
11509,1992,9517,2408
11415,1940,9475,2409
7444,3051,4393,2410
7385,2983,4402,2411
7337,2925,4412,2412
7278,2862,4416,2413
3333,198,3135,2414
3300,191,3109,2415
3272,186,3086,2416
3239,180,3059,2417
4666,1183,3483,2418
4621,1149,3472,2419
4584,1121,3463,2420
4540,1092,3448,2421
1248,615,633,2422
1222,594,628,2423
1197,576,621,2424
1171,557,614,2425
8863,1440,7423,2426
8826,1404,7422,2427
8803,1376,7427,2428
8768,1344,7424,2429
988,170,818,2430
977,165,812,2431
968,160,808,2432
958,156,802,2433
16850,3001,13849,2434
16668,2909,13759,2435
16513,2829,13684,2436
16334,2747,13587,2437
890,211,679,2438
880,205,675,2439
872,200,672,2440
864,195,669,2441
9744,979,8765,2442
9670,950,8720,2443
9612,925,8687,2444
9541,900,8641,2445
8111,3353,4758,2446
8061,3294,4767,2447
8017,3246,4771,2448
7945,3190,4755,2449
2783,2109,674,2450
2752,2076,676,2451
2721,2044,677,2452
2669,1999,670,2453
1415,191,1224,2454
1402,186,1216,2455
1389,181,1208,2456
1369,176,1193,2457
2854,252,2602,2458
2845,247,2598,2459
2842,243,2599,2460
2835,239,2596,2461
3605,533,3072,2462
3607,525,3082,2463
3608,518,3090,2464
3612,512,3100,2465
1054,156,898,2466
1047,152,895,2467
1040,150,890,2468
1030,146,884,2469
2643,1673,970,2470
2650,1666,984,2471
2651,1657,994,2472
2653,1649,1004,2473
7051,4542,2509,2474
6993,4473,2520,2475
6940,4414,2526,2476
6851,4336,2515,2477
51440,20574,30866,2478
51272,20245,31027,2479
51313,20036,31277,2480
51275,19794,31481,2481
9694,580,9114,2482
9627,564,9063,2483
9598,552,9046,2484
9554,540,9014,2485
3308,354,2954,2486
3286,345,2941,2487
3277,339,2938,2488
3262,331,2931,2489
2595,374,2221,2490
2569,363,2206,2491
2552,356,2196,2492
2532,347,2185,2493
4032,595,3437,2494
3977,576,3401,2495
3940,562,3378,2496
3897,547,3350,2497
5202,572,4630,2498
5121,552,4569,2499
5063,536,4527,2500
4998,521,4477,2501
13646,1548,12098,2502
13416,1493,11923,2503
13241,1449,11792,2504
13051,1405,11646,2505
4353,1090,3263,2506
4276,1053,3223,2507
4219,1025,3194,2508
4155,995,3160,2509
1878,486,1392,2510
1856,473,1383,2511
1840,462,1378,2512
1822,451,1371,2513
3067,462,2605,2514
2999,444,2555,2515
2945,429,2516,2516
2888,414,2474,2517
2713,360,2353,2518
2671,348,2323,2519
2641,338,2303,2520
2608,329,2279,2521
5052,814,4238,2522
5015,793,4222,2523
4999,779,4220,2524
4974,763,4211,2525
7660,1790,5870,2526
7603,1749,5854,2527
7577,1718,5859,2528
7541,1685,5856,2529
9279,2682,6597,2530
9156,2607,6549,2531
9072,2550,6522,2532
8975,2488,6487,2533
1129,342,787,2534
1104,329,775,2535
1084,318,766,2536
1062,308,754,2537
65077,17979,47098,2538
64702,17654,47048,2539
64343,17373,46970,2540
63780,17039,46741,2541
3003,322,2681,2542
2959,313,2646,2543
2917,304,2613,2544
2866,294,2572,2545
16298,3155,13143,2546
16252,3103,13149,2547
16213,3059,13154,2548
16120,3005,13115,2549
104361,88814,15547,2550
106009,89597,16412,2551
107039,89962,17077,2552
107925,90177,17748,2553
16313,7698,8615,2554
16370,7540,8830,2555
16428,7422,9006,2556
16464,7292,9172,2557
10374,1782,8592,2558
10391,1718,8673,2559
10435,1675,8760,2560
10464,1630,8834,2561
10639,1903,8736,2562
10567,1820,8747,2563
10498,1756,8742,2564
10414,1690,8724,2565
8887,1029,7858,2566
8989,1000,7989,2567
9021,972,8049,2568
9041,943,8098,2569
4621,794,3827,2570
4643,768,3875,2571
4660,749,3911,2572
4670,728,3942,2573
9211,1771,7440,2574
9245,1713,7532,2575
9278,1669,7609,2576
9299,1624,7675,2577
6873,4174,2699,2578
6850,4086,2764,2579
6873,4040,2833,2580
6888,3988,2900,2581
7536,919,6617,2582
7509,879,6630,2583
7509,853,6656,2584
7502,825,6677,2585
4809,492,4317,2586
4740,465,4275,2587
4662,444,4218,2588
4577,422,4155,2589
7959,582,7377,2590
8050,564,7486,2591
8114,550,7564,2592
8151,534,7617,2593
10498,2704,7794,2594
10361,2579,7782,2595
10212,2474,7738,2596
10050,2370,7680,2597
39506,13917,25589,2598
40171,13967,26204,2599
40710,13995,26715,2600
41202,13999,27203,2601
15773,2814,12959,2602
15974,2803,13171,2603
16121,2789,13332,2604
16246,2769,13477,2605
18766,4616,14150,2606
18607,4507,14100,2607
18384,4395,13989,2608
18131,4276,13855,2609
21032,2365,18667,2610
21229,2344,18885,2611
21354,2321,19033,2612
21446,2295,19151,2613
9970,1212,8758,2614
9945,1188,8757,2615
9885,1162,8723,2616
9809,1136,8673,2617
19757,2904,16853,2618
19890,2873,17017,2619
19955,2840,17115,2620
19989,2802,17187,2621
19776,633,19143,2622
19954,626,19328,2623
20068,619,19449,2624
20155,612,19543,2625
21494,10104,11390,2626
21685,10032,11653,2627
21941,10006,11935,2628
22165,9961,12204,2629
3088,544,2544,2630
3069,528,2541,2631
3058,514,2544,2632
3042,500,2542,2633
2975,1759,1216,2634
3039,1775,1264,2635
3114,1799,1315,2636
3186,1819,1367,2637
5284,545,4739,2638
5150,517,4633,2639
5035,493,4542,2640
4913,470,4443,2641
1987,598,1389,2642
1971,581,1390,2643
1961,568,1393,2644
1950,554,1396,2645
3670,486,3184,2646
3627,468,3159,2647
3595,453,3142,2648
3558,438,3120,2649
13135,1195,11940,2650
13137,1162,11975,2651
13178,1138,12040,2652
13198,1112,12086,2653
14167,4368,9799,2654
14036,4276,9760,2655
13919,4198,9721,2656
13767,4108,9659,2657
1336,559,777,2658
1310,543,767,2659
1285,528,757,2660
1252,510,742,2661
4295,102,4193,2662
4281,101,4180,2663
4273,99,4174,2664
4260,97,4163,2665
2855,448,2407,2666
2813,435,2378,2667
2772,424,2348,2668
2721,412,2309,2669
1680,270,1410,2670
1657,262,1395,2671
1635,256,1379,2672
1608,249,1359,2673
2193,589,1604,2674
2165,574,1591,2675
2138,561,1577,2676
2105,546,1559,2677
4633,785,3848,2678
4563,762,3801,2679
4497,742,3755,2680
4414,719,3695,2681
1373,328,1045,2682
1370,323,1047,2683
1368,319,1049,2684
1365,315,1050,2685
3359,818,2541,2686
3276,787,2489,2687
3193,759,2434,2688
3089,726,2363,2689
2293,385,1908,2690
2274,376,1898,2691
2257,369,1888,2692
2236,361,1875,2693
3781,209,3572,2694
3711,201,3510,2695
3643,194,3449,2696
3558,188,3370,2697
2644,647,1997,2698
2530,611,1919,2699
2402,573,1829,2700
2274,537,1737,2701
3173,985,2188,2702
3128,959,2169,2703
3086,936,2150,2704
3032,911,2121,2705
13457,3502,9955,2706
13460,3454,10006,2707
13372,3393,9979,2708
13263,3326,9937,2709
4590,207,4383,2710
4578,203,4375,2711
4536,198,4338,2712
4487,193,4294,2713
953,200,753,2714
922,191,731,2715
886,181,705,2716
850,171,679,2717
3677,187,3490,2718
3678,184,3494,2719
3655,180,3475,2720
3625,176,3449,2721
9799,5299,4500,2722
9756,5215,4541,2723
9715,5142,4573,2724
9640,5052,4588,2725
1343,243,1100,2726
1311,232,1079,2727
1280,223,1057,2728
1247,214,1033,2729
9852,1555,8297,2730
9870,1525,8345,2731
9891,1501,8390,2732
9875,1472,8403,2733
3505,354,3151,2734
3468,343,3125,2735
3432,334,3098,2736
3386,323,3063,2737
2391,208,2183,2738
2351,200,2151,2739
2311,193,2118,2740
2264,185,2079,2741
2067,273,1794,2742
1999,259,1740,2743
1933,245,1688,2744
1864,232,1632,2745
3962,486,3476,2746
3887,467,3420,2747
3815,451,3364,2748
3731,432,3299,2749
1442,175,1267,2750
1399,166,1233,2751
1357,158,1199,2752
1314,150,1164,2753
443,220,223,2754
437,215,222,2755
433,210,223,2756
426,205,221,2757
1284,143,1141,2758
1255,137,1118,2759
1226,131,1095,2760
1194,125,1069,2761
2911,805,2106,2762
2869,780,2089,2763
2826,756,2070,2764
2776,731,2045,2765
503234,503234,0,2766
512386,512386,0,2767
520709,520709,0,2768
528405,528405,0,2769
80139,80139,0,2770
80704,80704,0,2771
81122,81122,0,2772
81428,81428,0,2773
45963,45963,0,2774
46409,46409,0,2775
46772,46772,0,2776
47071,47071,0,2777
64142,64142,0,2778
64454,64454,0,2779
64524,64524,0,2780
64612,64612,0,2781
3963,3963,0,2782
3935,3935,0,2783
3902,3902,0,2784
3862,3862,0,2785
357035,357035,0,2786
369618,369618,0,2787
380894,380894,0,2788
391564,391564,0,2789
51036,51036,0,2790
52348,52348,0,2791
53557,53557,0,2792
54706,54706,0,2793
117821,115567,2254,2794
118127,115842,2285,2795
118510,115167,3343,2796
118843,115421,3422,2797
2408,754,1654,2798
2405,748,1657,2799
2407,592,1815,2800
2407,583,1824,2801
11418,7224,4194,2802
12333,7770,4563,2803
12969,11413,1556,2804
13497,11847,1650,2805
66405,64801,1604,2806
70453,68732,1721,2807
73312,70826,2486,2808
75696,73077,2619,2809
128607,127043,1564,2810
134182,132532,1650,2811
138200,135864,2336,2812
141559,139117,2442,2813
102400,100659,1741,2814
103817,102032,1785,2815
104961,102483,2478,2816
105919,103366,2553,2817
7702,5126,2576,2818
8338,5528,2810,2819
8779,5595,3184,2820
9146,5785,3361,2821
61408,61408,0,2822
61364,61364,0,2823
61420,61420,0,2824
61474,61474,0,2825
4678,2897,1781,2826
4616,2823,1793,2827
4579,2771,1808,2828
4548,2725,1823,2829
3010,2019,991,2830
3048,2022,1026,2831
3077,2023,1054,2832
3102,2022,1080,2833
2367,1399,968,2834
2350,1370,980,2835
2341,1349,992,2836
2333,1330,1003,2837
1118,619,499,2838
1069,583,486,2839
1036,558,478,2840
1007,536,471,2841
7661,5056,2605,2842
7598,4960,2638,2843
7564,4892,2672,2844
7537,4830,2707,2845
1982,1223,759,2846
1915,1167,748,2847
1871,1129,742,2848
1832,1094,738,2849
3435,2632,803,2850
3404,2588,816,2851
3387,2558,829,2852
3373,2532,841,2853
24667,12215,12452,2854
25464,12371,13093,2855
26038,12455,13583,2856
26512,12499,14013,2857
7711,3471,4240,2858
7784,3433,4351,2859
7835,3397,4438,2860
7873,3360,4513,2861
2681,1829,852,2862
2742,1849,893,2863
2787,1860,927,2864
2823,1867,956,2865
4370,1074,3296,2866
4333,1036,3297,2867
4311,1008,3303,2868
4292,982,3310,2869
4722,2340,2382,2870
4634,2254,2380,2871
4576,2191,2385,2872
4528,2137,2391,2873
7868,1892,5976,2874
7754,1813,5941,2875
7681,1754,5927,2876
7620,1703,5917,2877
3450,1704,1746,2878
3496,1694,1802,2879
3531,1685,1846,2880
3559,1673,1886,2881
3199,1912,1287,2882
3166,1864,1302,2883
3146,1829,1317,2884
3128,1797,1331,2885
3760,2096,1664,2886
3758,2060,1698,2887
3760,2034,1726,2888
3762,2008,1754,2889
23082,14530,8552,2890
23423,14538,8885,2891
23653,14508,9145,2892
23833,14456,9377,2893
3652,2993,659,2894
3645,2967,678,2895
3639,2944,695,2896
3631,2921,710,2897
5920,3059,2861,2898
5967,3027,2940,2899
5997,2997,3000,2900
6016,2963,3053,2901
6472,2391,4081,2902
6412,2313,4099,2903
6368,2253,4115,2904
6324,2195,4129,2905
11425,5018,6407,2906
11607,4991,6616,2907
11728,4954,6774,2908
11817,4909,6908,2909
6097,1499,4598,2910
6175,1475,4700,2911
6225,1452,4773,2912
6258,1428,4830,2913
4832,2165,2667,2914
4880,2141,2739,2915
4911,2118,2793,2916
4932,2092,2840,2917
9591,2544,7047,2918
9473,2444,7029,2919
9385,2367,7018,2920
9303,2296,7007,2921
9302,3965,5337,2922
9270,3866,5404,2923
9256,3790,5466,2924
9247,3721,5526,2925
5523,445,5078,2926
5485,426,5059,2927
5464,412,5052,2928
5448,401,5047,2929
5204,1555,3649,2930
5178,1507,3671,2931
5166,1471,3695,2932
5158,1438,3720,2933
2142,347,1795,2934
2104,331,1773,2935
2079,317,1762,2936
2060,307,1753,2937
5600,692,4908,2938
5548,663,4885,2939
5518,642,4876,2940
5495,623,4872,2941
1903,1219,684,2942
1889,1193,696,2943
1885,1177,708,2944
1878,1160,718,2945
2704,352,2352,2946
2660,335,2325,2947
2632,323,2309,2948
2609,312,2297,2949
2646,453,2193,2950
2620,435,2185,2951
2605,421,2184,2952
2592,409,2183,2953
63931,51537,12394,2954
64711,51729,12982,2955
65225,51775,13450,2956
65594,51725,13869,2957
5191,2413,2778,2958
5217,2370,2847,2959
5235,2333,2902,2960
5246,2297,2949,2961
5038,2183,2855,2962
5026,2125,2901,2963
5017,2080,2937,2964
5006,2037,2969,2965
10453,3311,7142,2966
10399,3199,7200,2967
10359,3112,7247,2968
10320,3031,7289,2969
8257,4484,3773,2970
8366,4455,3911,2971
8440,4423,4017,2972
8496,4385,4111,2973
4515,1752,2763,2974
4475,1691,2784,2975
4446,1645,2801,2976
4420,1602,2818,2977
2821,1610,1211,2978
2808,1573,1235,2979
2798,1544,1254,2980
2789,1517,1272,2981
5479,2827,2652,2982
5474,2766,2708,2983
5470,2717,2753,2984
5462,2670,2792,2985
22958,12020,10938,2986
22809,11744,11065,2987
22733,11543,11190,2988
22673,11360,11313,2989
4158,778,3380,2990
4119,750,3369,2991
4097,728,3369,2992
4079,709,3370,2993
6596,1604,4992,2994
6503,1540,4963,2995
6445,1493,4952,2996
6399,1452,4947,2997
7228,1414,5814,2998
7110,1353,5757,2999
7036,1307,5729,3000
6974,1268,5706,3001
12704,2727,9977,3002
12798,2673,10125,3003
12879,2630,10249,3004
12949,2588,10361,3005
4462,904,3558,3006
4322,852,3470,3007
4227,815,3412,3008
4149,782,3367,3009
4036,890,3146,3010
4010,861,3149,3011
3997,839,3158,3012
3986,819,3167,3013
8423,2988,5435,3014
8472,2939,5533,3015
8516,2899,5617,3016
8554,2861,5693,3017
38252,32882,5370,3018
38886,32869,6017,3019
39539,32894,6645,3020
40173,32892,7281,3021
896,472,424,3022
872,434,438,3023
854,404,450,3024
839,378,461,3025
10236,945,9291,3026
9824,817,9007,3027
9434,717,8717,3028
9055,632,8423,3029
1035,145,890,3030
995,126,869,3031
962,112,850,3032
931,100,831,3033
5130,2430,2700,3034
5111,2276,2835,3035
5094,2145,2949,3036
5075,2025,3050,3037
2896,468,2428,3038
2824,415,2409,3039
2767,373,2394,3040
2714,338,2376,3041
1640,336,1304,3042
1566,293,1273,3043
1498,258,1240,3044
1433,229,1204,3045
2023,330,1693,3046
1981,294,1687,3047
1950,266,1684,3048
1920,242,1678,3049
30330,25585,4745,3050
29990,25016,4974,3051
29744,24587,5157,3052
29650,24277,5373,3053
26006,3927,22079,3054
25281,3598,21683,3055
18650,3388,15262,3056
18247,3171,15076,3057
5525,2778,2747,3058
5487,2663,2824,3059
5462,2578,2884,3060
5440,2494,2946,3061
5336,1581,3755,3062
5209,1469,3740,3063
5108,1385,3723,3064
5017,1307,3710,3065
6025,317,5708,3066
5985,295,5690,3067
5944,279,5665,3068
5903,263,5640,3069
15187,2286,12901,3070
15150,2149,13001,3071
15132,2050,13082,3072
15112,1954,13158,3073
18702,11312,7390,3074
19099,11232,7867,3075
13688,8375,5313,3076
13885,8318,5567,3077
6969,1881,5088,3078
6945,1781,5164,3079
6933,1707,5226,3080
6921,1637,5284,3081
10359,416,9943,3082
10240,384,9856,3083
10146,362,9784,3084
10058,340,9718,3085
26160,18864,7296,3086
27234,19251,7983,3087
22680,17387,5293,3088
23299,17634,5665,3089
4979,781,4198,3090
5031,744,4287,3091
5079,717,4362,3092
5125,690,4435,3093
2365,1343,1022,3094
2391,1317,1074,3095
2416,1298,1118,3096
2437,1277,1160,3097
2350,622,1728,3098
2369,596,1773,3099
2388,576,1812,3100
2405,557,1848,3101
7553,490,7063,3102
7499,456,7043,3103
7461,431,7030,3104
7427,408,7019,3105
6054,961,5093,3106
5923,899,5024,3107
2204,1286,918,3108
2235,1275,960,3109
3531,1525,2006,3110
3582,1500,2082,3111
5539,2342,3197,3112
5723,2346,3377,3113
3479,1903,1576,3114
3474,1871,1603,3115
3474,1846,1628,3116
3475,1824,1651,3117
3179,1498,1681,3118
3125,1446,1679,3119
3091,1408,1683,3120
3064,1375,1689,3121
3175,798,2377,3122
3121,764,2357,3123
3087,740,2347,3124
3059,718,2341,3125
974,941,33,3126
948,915,33,3127
931,898,33,3128
916,882,34,3129
5116,1912,3204,3130
5078,1858,3220,3131
5057,1817,3240,3132
5040,1780,3260,3133
5891,1965,3926,3134
5842,1904,3938,3135
5814,1857,3957,3136
5792,1818,3974,3137
2118,776,1342,3138
2092,750,1342,3139
2076,731,1345,3140
2063,713,1350,3141
1054,983,71,3142
1033,961,72,3143
1020,947,73,3144
1009,934,75,3145
1978,534,1444,3146
1931,508,1423,3147
1900,490,1410,3148
1875,474,1401,3149
13323,4262,9061,3150
13435,4198,9237,3151
13536,4149,9387,3152
13627,4101,9526,3153
3005,639,2366,3154
3050,631,2419,3155
3089,625,2464,3156
3122,619,2503,3157
9468,1286,8182,3158
9421,1243,8178,3159
9398,1211,8187,3160
9379,1180,8199,3161
8973,1660,7313,3162
8915,1604,7311,3163
8883,1561,7322,3164
8858,1524,7334,3165
7788,2005,5783,3166
7866,1975,5891,3167
7923,1948,5975,3168
7966,1920,6046,3169
4885,2014,2871,3170
4892,1977,2915,3171
4903,1948,2955,3172
4914,1922,2992,3173
11984,7582,4402,3174
12152,7537,4615,3175
12279,7477,4802,3176
12416,7441,4975,3177
6760,4779,1981,3178
6938,4827,2111,3179
7095,4864,2231,3180
7245,4904,2341,3181
2556,1979,577,3182
2603,1990,613,3183
2638,1995,643,3184
2668,1997,671,3185
3136,826,2310,3186
3156,799,2357,3187
3172,775,2397,3188
3186,755,2431,3189
15039,3841,11198,3190
15084,3702,11382,3191
15122,3579,11543,3192
15165,3479,11686,3193
4673,1374,3299,3194
4661,1320,3341,3195
4654,1273,3381,3196
4652,1236,3416,3197
4919,3231,1688,3198
4965,3201,1764,3199
5000,3168,1832,3200
5032,3142,1890,3201
5103,4371,732,3202
5223,4438,785,3203
5326,4493,833,3204
5423,4546,877,3205
4917,722,4195,3206
4947,694,4253,3207
4971,669,4302,3208
4994,650,4344,3209
18147,4657,13490,3210
18587,4584,14003,3211
18796,4471,14325,3212
19019,4385,14634,3213
11054,9866,1188,3214
11563,10261,1302,3215
12050,10635,1415,3216
12323,10822,1501,3217
11739,3737,8002,3218
11856,3638,8218,3219
11943,3545,8398,3220
12025,3470,8555,3221
23222,15744,7478,3222
23754,15907,7847,3223
24178,16020,8158,3224
24550,16100,8450,3225
12043,4501,7542,3226
12298,4488,7810,3227
12498,4470,8028,3228
12671,4445,8226,3229
6192,2174,4018,3230
6308,2160,4148,3231
6395,2144,4251,3232
6467,2125,4342,3233
5671,4707,964,3234
5704,4703,1001,3235
5729,4697,1032,3236
5746,4686,1060,3237
6729,1704,5025,3238
6769,1666,5103,3239
6799,1634,5165,3240
6822,1602,5220,3241
11642,3796,7846,3242
11808,3753,8055,3243
11918,3705,8213,3244
12000,3653,8347,3245
3378,3299,79,3246
3402,3319,83,3247
3421,3335,86,3248
3435,3346,89,3249
42674,38252,4422,3250
42858,38048,4810,3251
42962,37780,5182,3252
43082,37464,5618,3253
2027,362,1665,3254
1909,317,1592,3255
1807,280,1527,3256
1702,245,1457,3257
18013,4419,13594,3258
17056,3908,13148,3259
16315,3509,12806,3260
15483,3103,12380,3261
879,652,227,3262
848,614,234,3263
827,584,243,3264
804,554,250,3265
1130,289,841,3266
1071,256,815,3267
1024,230,794,3268
975,204,771,3269
1893,1165,728,3270
1807,1073,734,3271
1745,1002,743,3272
1674,924,750,3273
681,467,214,3274
662,441,221,3275
651,421,230,3276
637,399,238,3277
916,566,350,3278
905,539,366,3279
905,521,384,3280
906,502,404,3281
747,350,397,3282
717,320,397,3283
694,296,398,3284
669,270,399,3285
962,220,742,3286
917,196,721,3287
883,176,707,3288
846,157,689,3289
514,443,71,3290
494,420,74,3291
482,406,76,3292
470,389,81,3293
966,333,633,3294
911,296,615,3295
865,266,599,3296
814,235,579,3297
1769,476,1293,3298
1706,430,1276,3299
1664,395,1269,3300
1617,358,1259,3301
2005,582,1423,3302
1906,518,1388,3303
1831,469,1362,3304
1746,418,1328,3305
528,344,184,3306
517,326,191,3307
512,313,199,3308
508,300,208,3309
1922,155,1767,3310
1834,136,1698,3311
1769,123,1646,3312
1695,108,1587,3313
20557,5332,15225,3314
19892,4826,15066,3315
19291,4397,14894,3316
18684,3973,14711,3317
17963,17071,892,3318
18765,17750,1015,3319
19388,18256,1132,3320
20031,18760,1271,3321
6619,1940,4679,3322
6490,1784,4706,3323
6361,1647,4714,3324
6232,1510,4722,3325
9652,6016,3636,3326
9579,5923,3656,3327
9468,5807,3661,3328
9320,5667,3653,3329
3287,931,2356,3330
3171,885,2286,3331
3050,838,2212,3332
2922,790,2132,3333
4718,1614,3104,3334
4483,1514,2969,3335
4244,1413,2831,3336
4004,1313,2691,3337
1887,806,1081,3338
1809,764,1045,3339
1729,721,1008,3340
1645,677,968,3341
1577,654,923,3342
1519,623,896,3343
1457,590,867,3344
1394,556,838,3345
9911,3903,6008,3346
9117,3546,5571,3347
8355,3206,5149,3348
7625,2886,4739,3349
2973,1227,1746,3350
2873,1172,1701,3351
2766,1114,1652,3352
2654,1054,1600,3353
5103,2107,2996,3354
4952,2021,2931,3355
4789,1928,2861,3356
4615,1835,2780,3357
25801,12301,13500,3358
25891,12267,13624,3359
25649,12059,13590,3360
25384,11839,13545,3361
7781,1481,6300,3362
7805,1472,6333,3363
7684,1432,6252,3364
7557,1391,6166,3365
634,508,126,3366
615,491,124,3367
585,466,119,3368
555,440,115,3369
3216,1235,1981,3370
3198,1219,1979,3371
3118,1177,1941,3372
3032,1134,1898,3373
991,80,911,3374
967,77,890,3375
925,73,852,3376
885,69,816,3377
3831,1187,2644,3378
3786,1163,2623,3379
3677,1118,2559,3380
3566,1073,2493,3381
1423,966,457,3382
1405,950,455,3383
1360,915,445,3384
1311,878,433,3385
1103,1007,96,3386
1051,959,92,3387
982,894,88,3388
915,832,83,3389
1907,1189,718,3390
1929,1197,732,3391
1911,1179,732,3392
1889,1159,730,3393
2474,396,2078,3394
2429,385,2044,3395
2337,366,1971,3396
2243,347,1896,3397
1536,452,1084,3398
1513,441,1072,3399
1460,421,1039,3400
1405,401,1004,3401
3318,591,2727,3402
3312,584,2728,3403
3240,565,2675,3404
3162,544,2618,3405
3199,1819,1380,3406
3172,1787,1385,3407
3134,1750,1384,3408
3084,1704,1380,3409
1008,319,689,3410
972,304,668,3411
935,288,647,3412
895,272,623,3413
1543,710,833,3414
1497,682,815,3415
1447,652,795,3416
1395,620,775,3417
948,179,769,3418
915,170,745,3419
880,160,720,3420
844,151,693,3421
950,251,699,3422
935,244,691,3423
916,235,681,3424
894,225,669,3425
754,151,603,3426
737,145,592,3427
718,139,579,3428
699,134,565,3429
933,220,713,3430
880,204,676,3431
828,189,639,3432
777,175,602,3433
422,157,265,3434
418,153,265,3435
415,150,265,3436
408,145,263,3437
1229,147,1082,3438
1201,141,1060,3439
1172,134,1038,3440
1138,128,1010,3441
758,242,516,3442
769,242,527,3443
777,241,536,3444
784,240,544,3445
886,197,689,3446
834,183,651,3447
783,169,614,3448
735,156,579,3449
699,364,335,3450
691,356,335,3451
680,347,333,3452
668,338,330,3453
1588,992,596,3454
1567,972,595,3455
1542,949,593,3456
1512,923,589,3457
5534,3462,2072,3458
5493,3409,2084,3459
5441,3348,2093,3460
5376,3278,2098,3461
5896,1148,4748,3462
5833,1116,4717,3463
5757,1082,4675,3464
5667,1045,4622,3465
1987,314,1673,3466
1889,293,1596,3467
1789,272,1517,3468
1687,252,1435,3469
2576,180,2396,3470
2533,174,2359,3471
2482,166,2316,3472
2423,159,2264,3473
1178,600,578,3474
1179,595,584,3475
1183,590,593,3476
1186,584,602,3477
3534,966,2568,3478
3464,933,2531,3479
3379,895,2484,3480
3284,855,2429,3481
4544,789,3755,3482
4362,744,3618,3483
4167,698,3469,3484
3966,651,3315,3485
777,534,243,3486
751,513,238,3487
726,492,234,3488
699,470,229,3489
3604,2023,1581,3490
3535,1966,1569,3491
3452,1900,1552,3492
3357,1828,1529,3493
1930,204,1726,3494
1861,193,1668,3495
1791,183,1608,3496
1718,171,1547,3497
3065,953,2112,3498
2983,915,2068,3499
2899,874,2025,3500
2810,834,1976,3501
2375,1237,1138,3502
2374,1222,1152,3503
2365,1203,1162,3504
2350,1178,1172,3505
833,306,527,3506
830,300,530,3507
824,292,532,3508
816,284,532,3509
991,276,715,3510
927,253,674,3511
865,232,633,3512
801,210,591,3513
488,291,197,3514
488,288,200,3515
492,287,205,3516
494,285,209,3517
892,685,207,3518
876,669,207,3519
855,648,207,3520
829,624,205,3521
795,117,678,3522
735,106,629,3523
684,97,587,3524
631,87,544,3525
2973,759,2214,3526
2899,727,2172,3527
2799,689,2110,3528
2691,648,2043,3529
1183,751,432,3530
1211,762,449,3531
1241,772,469,3532
1272,783,489,3533
733,139,594,3534
718,133,585,3535
699,126,573,3536
676,120,556,3537
1455,149,1306,3538
1431,143,1288,3539
1399,137,1262,3540
1362,129,1233,3541
1015,318,697,3542
1029,317,712,3543
1043,315,728,3544
1055,312,743,3545
1150,371,779,3546
1148,364,784,3547
1142,356,786,3548
1133,346,787,3549
1706,480,1226,3550
1600,443,1157,3551
1492,404,1088,3552
1381,366,1015,3553
377,217,160,3554
356,203,153,3555
333,187,146,3556
311,174,137,3557
778,170,608,3558
751,161,590,3559
725,152,573,3560
697,143,554,3561
785,330,455,3562
809,336,473,3563
835,341,494,3564
862,347,515,3565
11101,8790,2311,3566
11278,8879,2399,3567
11419,8947,2472,3568
11515,8964,2551,3569
3453,934,2519,3570
3365,892,2473,3571
3269,851,2418,3572
3166,807,2359,3573
3664,912,2752,3574
3548,866,2682,3575
3424,821,2603,3576
3293,772,2521,3577
4071,863,3208,3578
3978,826,3152,3579
3873,789,3084,3580
3758,748,3010,3581
12112,2984,9128,3582
11989,2893,9096,3583
11822,2803,9019,3584
11614,2695,8919,3585
9996,5723,4273,3586
10002,5659,4343,3587
10033,5620,4413,3588
10052,5560,4492,3589
3320,953,2367,3590
3201,901,2300,3591
2380,926,1454,3592
2329,890,1439,3593
3141,537,2604,3594
3052,510,2542,3595
2955,485,2470,3596
2852,457,2395,3597
1527,1140,387,3598
1479,1097,382,3599
1426,1052,374,3600
1372,1004,368,3601
5361,2941,2420,3602
5198,2817,2381,3603
5021,2692,2329,3604
4834,2557,2277,3605
767,676,91,3606
752,661,91,3607
736,645,91,3608
718,626,92,3609
4090,250,3840,3610
4005,239,3766,3611
3907,228,3679,3612
3799,216,3583,3613
2813,265,2548,3614
2734,251,2483,3615
2648,239,2409,3616
2557,224,2333,3617
1875,277,1598,3618
1789,259,1530,3619
1703,241,1462,3620
1613,223,1390,3621
5104,604,4500,3622
5094,589,4505,3623
4158,547,3611,3624
4068,522,3546,3625
3057,480,2577,3626
2893,444,2449,3627
1677,414,1263,3628
1575,380,1195,3629
4301,719,3582,3630
4281,700,3581,3631
4246,681,3565,3632
4198,656,3542,3633
2650,486,2164,3634
2662,478,2184,3635
2671,469,2202,3636
2677,459,2218,3637
1294,523,771,3638
1216,483,733,3639
1140,447,693,3640
1066,411,655,3641
1986,968,1018,3642
1894,910,984,3643
1800,854,946,3644
1705,797,908,3645
1618,605,1013,3646
1585,583,1002,3647
1545,560,985,3648
1503,535,968,3649
1603,270,1333,3650
1568,258,1310,3651
1052,797,255,3652
988,743,245,3653
94200,88102,6098,3654
95540,88620,6920,3655
96397,88695,7702,3656
97086,88642,8444,3657
87373,80909,6464,3658
88635,81306,7329,3659
89553,81334,8219,3660
90762,81705,9057,3661
13262,3022,10240,3662
13159,2728,10431,3663
13015,2461,10554,3664
12920,2265,10655,3665
16080,2382,13698,3666
15364,2052,13312,3667
14619,1767,12852,3668
13954,1554,12400,3669
4312,1875,2437,3670
4120,1670,2450,3671
3935,1488,2447,3672
3784,1350,2434,3673
3454,472,2982,3674
3279,403,2876,3675
3108,341,2767,3676
2963,298,2665,3677
4881,533,4348,3678
4847,475,4372,3679
4798,425,4373,3680
4767,388,4379,3681
3074,585,2489,3682
2748,473,2275,3683
2538,397,2141,3684
2484,359,2125,3685
21672,1887,19785,3686
21872,1705,20167,3687
21987,1542,20445,3688
22123,1424,20699,3689
1588,292,1296,3690
1584,263,1321,3691
1578,238,1340,3692
1578,220,1358,3693
48775,45147,3628,3694
51354,47086,4268,3695
53829,48864,4965,3696
55072,49548,5524,3697
5200,1801,3399,3698
5092,1627,3465,3699
4965,1466,3499,3700
4857,1341,3516,3701
8330,1069,7261,3702
8205,947,7258,3703
8049,839,7210,3704
7919,760,7159,3705
22746,15715,7031,3706
23267,15855,7412,3707
23696,15921,7775,3708
24054,15932,8122,3709
2486,1178,1308,3710
2391,1106,1285,3711
2290,1035,1255,3712
2188,965,1223,3713
1700,424,1276,3714
1629,393,1236,3715
1555,363,1192,3716
1482,335,1147,3717
4533,858,3675,3718
4411,806,3605,3719
4276,754,3522,3720
4135,703,3432,3721
8090,2026,6064,3722
8053,1951,6102,3723
7994,1873,6121,3724
7920,1795,6125,3725
1467,676,791,3726
1374,618,756,3727
1284,563,721,3728
1199,514,685,3729
9009,2866,6143,3730
8772,2707,6065,3731
8508,2547,5961,3732
8230,2390,5840,3733
3443,1908,1535,3734
3350,1819,1531,3735
3247,1728,1519,3736
3140,1637,1503,3737
7056,5647,1409,3738
7093,5627,1466,3739
7102,5582,1520,3740
7108,5533,1575,3741
3262,1236,2026,3742
3123,1152,1971,3743
2980,1070,1910,3744
2833,988,1845,3745
5714,2016,3698,3746
5547,1904,3643,3747
5363,1788,3575,3748
5170,1672,3498,3749
5179,1831,3348,3750
4821,1657,3164,3751
4470,1493,2977,3752
4131,1339,2792,3753
1156,634,522,3754
1094,588,506,3755
1031,543,488,3756
968,499,469,3757
5422,3114,2308,3758
5324,3001,2323,3759
5208,2880,2328,3760
5078,2752,2326,3761
1636,456,1180,3762
1567,423,1144,3763
1496,392,1104,3764
1423,361,1062,3765
1744,449,1295,3766
1662,415,1247,3767
1578,381,1197,3768
1493,349,1144,3769
2267,814,1453,3770
2196,766,1430,3771
2118,719,1399,3772
2035,670,1365,3773
5888,2535,3353,3774
5809,2465,3344,3775
5711,2389,3322,3776
5602,2310,3292,3777
2754,519,2235,3778
2725,503,2222,3779
2688,486,2202,3780
2645,469,2176,3781
1533,447,1086,3782
1454,417,1037,3783
1375,387,988,3784
1297,359,938,3785
6502,593,5909,3786
6384,569,5815,3787
6246,544,5702,3788
6100,519,5581,3789
13842,8048,5794,3790
13718,7887,5831,3791
13583,7720,5863,3792
13439,7550,5889,3793
1351,350,1001,3794
1316,334,982,3795
1278,318,960,3796
1237,301,936,3797
3908,1826,2082,3798
3866,1781,2085,3799
3808,1728,2080,3800
3739,1673,2066,3801
5958,1050,4908,3802
5906,1018,4888,3803
5828,983,4845,3804
5735,945,4790,3805
1338,290,1048,3806
1249,265,984,3807
1163,241,922,3808
1079,219,860,3809
3156,1997,1159,3810
3124,1957,1167,3811
3077,1908,1169,3812
3023,1855,1168,3813
12540,6336,6204,3814
12077,6021,6056,3815
11578,5695,5883,3816
11068,5370,5698,3817
2006,1582,424,3818
1976,1549,427,3819
1937,1510,427,3820
1893,1466,427,3821
4199,1172,3027,3822
4146,1135,3011,3823
4075,1094,2981,3824
3995,1051,2944,3825
3115,1060,2055,3826
3039,1016,2023,3827
2952,969,1983,3828
2861,923,1938,3829
1755,205,1550,3830
1678,191,1487,3831
1597,178,1419,3832
1516,164,1352,3833
57034,54838,2196,3834
58126,55759,2367,3835
59087,56547,2540,3836
59894,57179,2715,3837
6867,1068,5799,3838
6880,1019,5861,3839
6887,972,5915,3840
6890,927,5963,3841
3704,293,3411,3842
3691,277,3414,3843
3668,261,3407,3844
3635,246,3389,3845
23581,17580,6001,3846
23817,17490,6327,3847
23875,17266,6609,3848
23918,17028,6890,3849
9424,4912,4512,3850
9485,4806,4679,3851
9505,4681,4824,3852
9519,4557,4962,3853
11042,4402,6640,3854
11187,4306,6881,3855
11304,4202,7102,3856
11390,4086,7304,3857
3920,854,3066,3858
3917,815,3102,3859
3922,780,3142,3860
3924,747,3177,3861
13904,12615,1289,3862
14099,12721,1378,3863
14260,12793,1467,3864
14382,12828,1554,3865
4433,688,3745,3866
4406,651,3755,3867
4369,615,3754,3868
4320,580,3740,3869
2700,305,2395,3870
2667,287,2380,3871
2628,268,2360,3872
2581,251,2330,3873
15142,5775,9367,3874
15048,5650,9398,3875
15077,5578,9499,3876
15077,5496,9581,3877
5722,2274,3448,3878
5629,2204,3425,3879
5573,2151,3422,3880
5507,2095,3412,3881
2139,409,1730,3882
2097,393,1704,3883
2059,379,1680,3884
2010,362,1648,3885
3415,1372,2043,3886
3713,1469,2244,3887
3811,1486,2325,3888
3902,1500,2402,3889
2560,1156,1404,3890
2673,1191,1482,3891
2729,1200,1529,3892
2781,1207,1574,3893
18291,4754,13537,3894
18126,4610,13516,3895
17963,4485,13478,3896
17778,4359,13419,3897
10518,4237,6281,3898
10278,4068,6210,3899
10009,3903,6106,3900
9714,3732,5982,3901
11030,4237,6793,3902
10912,4116,6796,3903
10601,3938,6663,3904
10277,3760,6517,3905
11204,557,10647,3906
10770,520,10250,3907
10413,492,9921,3908
10043,464,9579,3909
10505,5228,5277,3910
10665,5243,5422,3911
10781,5236,5545,3912
10870,5217,5653,3913
8065,2439,5626,3914
8248,2452,5796,3915
8400,2456,5944,3916
8532,2453,6079,3917
4856,1399,3457,3918
4782,1354,3428,3919
4711,1312,3399,3920
4637,1270,3367,3921
6420,1509,4911,3922
6543,1510,5033,3923
6642,1505,5137,3924
6723,1496,5227,3925
6704,1363,5341,3926
6749,1346,5403,3927
6772,1325,5447,3928
6791,1304,5487,3929
4084,2186,1898,3930
3921,2074,1847,3931
3751,1961,1790,3932
3578,1849,1729,3933
1776,815,961,3934
1606,727,879,3935
1447,647,800,3936
1301,573,728,3937
1120,367,753,3938
1035,333,702,3939
950,301,649,3940
869,270,599,3941
972,711,261,3942
924,672,252,3943
875,632,243,3944
827,593,234,3945
3589,1127,2462,3946
3356,1036,2320,3947
3123,947,2176,3948
2896,864,2032,3949
1227,688,539,3950
1152,639,513,3951
1078,591,487,3952
1007,546,461,3953
5385,1528,3857,3954
5120,1427,3693,3955
4856,1329,3527,3956
4599,1236,3363,3957
4736,1939,2797,3958
4570,1848,2722,3959
4390,1752,2638,3960
4207,1657,2550,3961
1032,582,450,3962
928,519,409,3963
874,484,390,3964
821,450,371,3965
991,206,785,3966
898,184,714,3967
847,170,677,3968
795,157,638,3969
4857,1323,3534,3970
4754,1277,3477,3971
4566,1206,3360,3972
4379,1138,3241,3973
1062,366,696,3974
1006,342,664,3975
948,318,630,3976
892,294,598,3977
3846,1190,2656,3978
3684,1124,2560,3979
3513,1056,2457,3980
3342,989,2353,3981
1067,317,750,3982
996,292,704,3983
925,266,659,3984
859,243,616,3985
1971,489,1482,3986
1869,456,1413,3987
1764,424,1340,3988
1661,392,1269,3989
164698,163951,747,3990
168765,167990,775,3991
173261,172456,805,3992
177538,176703,835,3993
44689,41903,2786,3994
46164,43250,2914,3995
47727,44681,3046,3996
49227,46052,3175,3997
24761,22514,2247,3998
25686,23326,2360,3999
26242,23805,2437,4000
26796,24282,2514,4001
4998,3236,1762,4002
5141,3313,1828,4003
5297,3398,1899,4004
5448,3482,1966,4005
8070,7741,329,4006
8284,7942,342,4007
8519,8163,356,4008
8741,8372,369,4009
59294,58283,1011,4010
60173,59134,1039,4011
61178,60110,1068,4012
62071,60976,1095,4013
7220,4815,2405,4014
7513,4988,2525,4015
7832,5179,2653,4016
8150,5369,2781,4017
29202,28555,647,4018
30467,29783,684,4019
31068,30363,705,4020
31666,30939,727,4021
7811,6296,1515,4022
7989,6422,1567,4023
8186,6566,1620,4024
8372,6699,1673,4025
15246,13391,1855,4026
15527,13615,1912,4027
15845,13874,1971,4028
16137,14110,2027,4029
30262,22500,7762,4030
30933,22919,8014,4031
31591,23336,8255,4032
32245,23747,8498,4033
31277,30951,326,4034
32666,32321,345,4035
33358,33001,357,4036
34046,33678,368,4037
5085,4836,249,4038
5184,4927,257,4039
5295,5029,266,4040
5398,5125,273,4041
1247,102,1145,4042
1260,102,1158,4043
1278,102,1176,4044
1296,102,1194,4045
75486,75486,0,4046
77070,77070,0,4047
78523,78522,1,4048
79899,79899,0,4049
8639,6254,2385,4050
8891,6428,2463,4051
9119,6583,2536,4052
9339,6730,2609,4053
2455,161,2294,4054
2658,174,2484,4055
2856,186,2670,4056
3057,198,2859,4057
14401,10005,4396,4058
14613,10138,4475,4059
14783,10239,4544,4060
14928,10321,4607,4061
13745,9232,4513,4062
13940,9349,4591,4063
14093,9434,4659,4064
14222,9502,4720,4065
28264,26820,1444,4066
29052,27561,1491,4067
29770,28235,1535,4068
30450,28871,1579,4069
71511,71511,0,4070
73510,73510,0,4071
75326,75326,0,4072
77050,77050,0,4073
1511,443,1068,4074
1673,489,1184,4075
1831,533,1298,4076
1993,577,1416,4077
1069,302,767,4078
1083,305,778,4079
1098,308,790,4080
1111,310,801,4081
32204,31547,657,4082
33046,32369,677,4083
33809,33113,696,4084
34535,33820,715,4085
6402,6024,378,4086
6574,6184,390,4087
6730,6328,402,4088
6879,6467,412,4089
29473,26777,2696,4090
29772,27002,2770,4091
30312,27453,2859,4092
30819,27872,2947,4093
2155,1137,1018,4094
2175,1137,1038,4095
2214,1149,1065,4096
2247,1157,1090,4097
3527,2181,1346,4098
3585,2201,1384,4099
3669,2239,1430,4100
3749,2274,1475,4101
17563,17503,60,4102
18046,17983,63,4103
18634,18567,67,4104
19194,19124,70,4105
23763,22120,1643,4106
24894,23142,1752,4107
25456,23639,1817,4108
26003,24120,1883,4109
8589,7599,990,4110
8722,7700,1022,4111
8842,7791,1051,4112
8952,7873,1079,4113
1732,1259,473,4114
1765,1277,488,4115
1798,1295,503,4116
1829,1312,517,4117
2926,1519,1407,4118
2946,1516,1430,4119
2970,1516,1454,4120
2995,1517,1478,4121
1039,445,594,4122
1037,440,597,4123
1038,436,602,4124
1041,433,608,4125
366,247,119,4126
362,243,119,4127
360,241,119,4128
358,239,119,4129
76406,76307,99,4130
78636,78530,106,4131
80733,80619,114,4132
82721,82601,120,4133
1474,460,1014,4134
1452,441,1011,4135
1448,429,1019,4136
1443,418,1025,4137
5811,3529,2282,4138
5846,3495,2351,4139
5886,3470,2416,4140
5923,3443,2480,4141
14357,7342,7015,4142
14544,7291,7253,4143
14733,7260,7473,4144
14908,7220,7688,4145
8472,8269,203,4146
9011,8787,224,4147
9546,9301,245,4148
10082,9814,268,4149
15742,13713,2029,4150
15995,13860,2135,4151
16242,14009,2233,4152
16471,14140,2331,4153
27985,27223,762,4154
28904,28085,819,4155
29776,28904,872,4156
30611,29684,927,4157
19173,19039,134,4158
19628,19485,143,4159
19872,19722,150,4160
20110,19954,156,4161
123748,122089,1659,4162
124294,122535,1759,4163
125146,123279,1867,4164
125709,123745,1964,4165
492,492,0,4166
468,468,0,4167
449,449,0,4168
431,431,0,4169
964,483,481,4170
941,458,483,4171
920,436,484,4172
899,415,484,4173
725,413,312,4174
687,382,305,4175
656,356,300,4176
630,335,295,4177
98573,98509,64,4178
100252,100183,69,4179
101522,101449,73,4180
102548,102470,78,4181
1540,875,665,4182
1523,845,678,4183
1503,813,690,4184
1481,785,696,4185
2096,810,1286,4186
2095,782,1313,4187
2083,751,1332,4188
2065,723,1342,4189
1047,636,411,4190
1032,613,419,4191
1014,589,425,4192
996,568,428,4193
1351,680,671,4194
1308,641,667,4195
1269,605,664,4196
1233,573,660,4197
173882,165618,8264,4198
175725,166925,8800,4199
177221,167882,9339,4200
178306,168485,9821,4201
1420,1344,76,4202
1415,1335,80,4203
1403,1320,83,4204
1390,1303,87,4205
5825,5825,0,4206
6006,6006,0,4207
6056,6056,0,4208
6092,6092,0,4209
28507,27018,1489,4210
29996,28345,1651,4211
30981,29188,1793,4212
31882,29953,1929,4213
855,634,221,4214
840,614,226,4215
825,594,231,4216
810,575,235,4217
10705,10623,82,4218
10925,10837,88,4219
11007,10914,93,4220
11063,10964,99,4221
2472,2186,286,4222
2448,2151,297,4223
2417,2110,307,4224
2384,2068,316,4225
5348,139,5209,4226
5201,128,5073,4227
5056,118,4938,4228
4902,109,4793,4229
23024,23024,0,4230
24039,24039,0,4231
24862,24862,0,4232
25618,25618,0,4233
4937,2758,2179,4234
4859,2648,2211,4235
4777,2539,2238,4236
4695,2441,2254,4237
1937,1138,799,4238
1931,1109,822,4239
1916,1075,841,4240
1896,1042,854,4241
4060,3020,1040,4242
4063,2979,1084,4243
4089,2955,1134,4244
4105,2928,1177,4245
17885,16672,1213,4246
18684,17350,1334,4247
19381,17926,1455,4248
20025,18455,1570,4249
12772,12772,0,4250
13031,13031,0,4251
13206,13206,0,4252
13350,13350,0,4253
6171,6144,27,4254
6412,6382,30,4255
6526,6495,31,4256
6623,6589,34,4257
24193,21822,2371,4258
25401,22785,2616,4259
26179,23350,2829,4260
26887,23858,3029,4261
20503,19945,558,4262
22244,21606,638,4263
23457,22748,709,4264
24599,23821,778,4265
6547,359,6188,4266
6406,334,6072,4267
6252,309,5943,4268
6086,289,5797,4269
2885,2824,61,4270
2957,2891,66,4271
2990,2920,70,4272
3016,2941,75,4273
16631,15026,1605,4274
16806,15090,1716,4275
16973,15137,1836,4276
17124,15171,1953,4277
1669,1471,198,4278
1643,1438,205,4279
1615,1402,213,4280
1586,1365,221,4281
3514,394,3120,4282
3371,358,3013,4283
3224,323,2901,4284
3075,292,2783,4285
2706,817,1889,4286
2675,773,1902,4287
2643,729,1914,4288
2609,688,1921,4289
1995,371,1624,4290
1971,349,1622,4291
1946,326,1620,4292
1919,306,1613,4293
5547,930,4617,4294
5369,853,4516,4295
5187,782,4405,4296
5002,716,4286,4297
983,125,858,4298
949,114,835,4299
916,104,812,4300
880,95,785,4301
1537,1429,108,4302
1532,1418,114,4303
1526,1405,121,4304
1519,1392,127,4305
1472,359,1113,4306
1465,341,1124,4307
1457,322,1135,4308
1448,306,1142,4309
6236,4599,1637,4310
6318,4582,1736,4311
6396,4556,1840,4312
6468,4526,1942,4313
1462,964,498,4314
1457,941,516,4315
1452,915,537,4316
1445,890,555,4317
2488,2167,321,4318
2555,2207,348,4319
2619,2242,377,4320
2679,2274,405,4321
5142,4450,692,4322
5233,4490,743,4323
5319,4520,799,4324
5401,4548,853,4325
5774,2448,3326,4326
5702,2332,3370,4327
5627,2214,3413,4328
5548,2103,3445,4329
2100,1906,194,4330
2092,1888,204,4331
2082,1866,216,4332
2071,1845,226,4333
28984,25652,3332,4334
29175,25755,3420,4335
29354,25838,3516,4336
29494,25896,3598,4337
59984,36494,23490,4338
60225,36323,23902,4339
60416,36087,24329,4340
60585,35877,24708,4341
43511,24729,18782,4342
42869,24132,18737,4343
42209,23507,18702,4344
41498,22894,18604,4345
4151,1807,2344,4346
3976,1710,2266,4347
3779,1602,2177,4348
3580,1499,2081,4349
29194,23660,5534,4350
29425,23747,5678,4351
29643,23811,5832,4352
29821,23852,5969,4353
1774,470,1304,4354
1715,447,1268,4355
1659,424,1235,4356
1605,405,1200,4357
19710,19576,134,4358
19948,19807,141,4359
20164,20015,149,4360
20347,20191,156,4361
6267,4493,1774,4362
6093,4319,1774,4363
5917,4141,1776,4364
5737,3968,1769,4365
4625,1750,2875,4366
4586,1694,2892,4367
4542,1631,2911,4368
4491,1573,2918,4369
1376,1074,302,4370
1382,1069,313,4371
1390,1065,325,4372
1398,1060,338,4373
1703,1423,280,4374
1692,1404,288,4375
1680,1383,297,4376
1665,1362,303,4377
1479,440,1039,4378
1454,421,1033,4379
1427,401,1026,4380
1399,381,1018,4381
2739,2581,158,4382
2743,2579,164,4383
2750,2579,171,4384
2758,2580,178,4385
1685,1303,382,4386
1659,1271,388,4387
1630,1237,393,4388
1601,1202,399,4389
1089,1059,30,4390
1090,1059,31,4391
1096,1063,33,4392
1105,1071,34,4393
2205,1594,611,4394
2231,1595,636,4395
2255,1591,664,4396
2275,1587,688,4397
572,189,383,4398
557,180,377,4399
542,170,372,4400
529,161,368,4401
768,768,0,4402
758,758,0,4403
750,750,0,4404
739,739,0,4405
1623,1366,257,4406
1616,1351,265,4407
1607,1335,272,4408
1597,1317,280,4409
1194,829,365,4410
1179,808,371,4411
1163,787,376,4412
1145,764,381,4413
1491,1110,381,4414
1447,1066,381,4415
1403,1022,381,4416
1359,979,380,4417
1810,683,1127,4418
1774,653,1121,4419
1736,622,1114,4420
1696,593,1103,4421
756,240,516,4422
742,230,512,4423
727,218,509,4424
711,208,503,4425
1633,1234,399,4426
1614,1207,407,4427
1593,1178,415,4428
1571,1150,421,4429
1869,450,1419,4430
1917,448,1469,4431
1964,444,1520,4432
2008,440,1568,4433
1059,1055,4,4434
1057,1053,4,4435
1053,1048,5,4436
1047,1042,5,4437
2387,2360,27,4438
2380,2352,28,4439
2370,2341,29,4440
2356,2325,31,4441
903,595,308,4442
876,569,307,4443
848,543,305,4444
820,517,303,4445
1460,447,1013,4446
1413,420,993,4447
1366,395,971,4448
1319,370,949,4449
1278,668,610,4450
1264,648,616,4451
1250,628,622,4452
1234,607,627,4453
1180,924,256,4454
1152,895,257,4455
1123,864,259,4456
1095,835,260,4457
1434,492,942,4458
1382,462,920,4459
1331,432,899,4460
1277,404,873,4461
1282,688,594,4462
1236,651,585,4463
1191,615,576,4464
1145,580,565,4465
2768,2339,429,4466
2808,2358,450,4467
2846,2373,473,4468
2881,2386,495,4469
697,694,3,4470
675,672,3,4471
654,651,3,4472
632,628,4,4473
3321,3321,0,4474
3361,3361,0,4475
3396,3396,0,4476
3428,3428,0,4477
4247,2267,1980,4478
4217,2209,2008,4479
4183,2147,2036,4480
4143,2086,2057,4481
1029,892,137,4482
998,860,138,4483
968,830,138,4484
939,799,140,4485
1095,915,180,4486
1055,876,179,4487
1015,836,179,4488
976,799,177,4489
10017,9609,408,4490
10049,9624,425,4491
10072,9627,445,4492
10099,9637,462,4493
11346,10472,874,4494
11238,10304,934,4495
11033,10081,952,4496
10817,9855,962,4497
6699,6372,327,4498
6554,6208,346,4499
6357,6008,349,4500
6157,5808,349,4501
1153,499,654,4502
1075,443,632,4503
1047,422,625,4504
1021,403,618,4505
4106,877,3229,4506
3890,779,3111,4507
3771,730,3041,4508
3656,689,2967,4509
42214,29403,12811,4510
42647,29509,13138,4511
43048,29514,13534,4512
43401,29566,13835,4513
6476,347,6129,4514
6573,345,6228,4515
6650,339,6311,4516
6711,336,6375,4517
7340,1712,5628,4518
7548,1732,5816,4519
7711,1729,5982,4520
7849,1732,6117,4521
42212,18466,23746,4522
43191,18666,24525,4523
43977,18688,25289,4524
44652,18753,25899,4525
3825,377,3448,4526
3654,353,3301,4527
3490,328,3162,4528
3335,308,3027,4529
63895,25812,38083,4530
65356,26065,39291,4531
66529,26064,40465,4532
67539,26132,41407,4533
33745,5447,28298,4534
34427,5458,28969,4535
34984,5410,29574,4536
35464,5390,30074,4537
30204,2132,28072,4538
29909,2069,27840,4539
29549,3013,26536,4540
29138,2917,26221,4541
5406,583,4823,4542
5800,614,5186,4543
6077,626,5451,4544
6356,644,5712,4545
50739,45348,5391,4546
50544,44999,5545,4547
50198,44510,5688,4548
49795,43986,5809,4549
9683,5989,3694,4550
9387,5726,3661,4551
9075,5458,3617,4552
8762,5200,3562,4553
1891,1287,604,4554
1813,1219,594,4555
1730,1149,581,4556
1648,1083,565,4557
10157,4508,5649,4558
9768,4249,5519,4559
9366,3991,5375,4560
8969,3750,5219,4561
3675,2992,683,4562
3650,2952,698,4563
3616,2903,713,4564
3579,2855,724,4565
5953,3216,2737,4566
5897,3133,2764,4567
5834,3047,2787,4568
5770,2966,2804,4569
3253,1806,1447,4570
3006,1642,1364,4571
2900,1559,1341,4572
2794,1479,1315,4573
3473,2806,667,4574
3314,2659,655,4575
3187,2538,649,4576
3061,2422,639,4577
4583,824,3759,4578
4470,780,3690,4579
4349,736,3613,4580
4227,697,3530,4581
14067,13909,158,4582
13700,13543,157,4583
13326,13171,155,4584
12949,12795,154,4585
683,253,430,4586
665,244,421,4587
648,235,413,4588
629,225,404,4589
2134,2008,126,4590
2176,2045,131,4591
2212,2076,136,4592
2246,2106,140,4593
816,547,269,4594
784,523,261,4595
757,501,256,4596
730,480,250,4597
5280,4716,564,4598
5270,4697,573,4599
5259,4676,583,4600
5244,4655,589,4601
1665,1233,432,4602
1644,1211,433,4603
1623,1189,434,4604
1604,1170,434,4605
1057,596,461,4606
1003,561,442,4607
952,528,424,4608
903,497,406,4609
8824,8803,21,4610
8618,8597,21,4611
8415,8394,21,4612
8207,8186,21,4613
725,437,288,4614
710,425,285,4615
696,413,283,4616
681,401,280,4617
5512,4486,1026,4618
5471,4436,1035,4619
5418,4375,1043,4620
5356,4312,1044,4621
21574,15400,6174,4622
21538,15219,6319,4623
21479,15014,6465,4624
21432,14832,6600,4625
6754,3669,3085,4626
6745,3606,3139,4627
6709,3525,3184,4628
6677,3454,3223,4629
4761,3898,863,4630
4774,3884,890,4631
4805,3882,923,4632
4829,3877,952,4633
3093,1858,1235,4634
3030,1795,1235,4635
2986,1742,1244,4636
2938,1690,1248,4637
10259,8599,1660,4638
10839,9033,1806,4639
11380,9425,1955,4640
11881,9784,2097,4641
2325,1126,1199,4642
2314,1100,1214,4643
2316,1080,1236,4644
2314,1060,1254,4645
2680,1049,1631,4646
2598,995,1603,4647
2528,947,1581,4648
2455,901,1554,4649
3007,3007,0,4650
3114,3114,0,4651
3223,3223,0,4652
3325,3325,0,4653
2708,518,2190,4654
2652,493,2159,4655
2586,466,2120,4656
2520,442,2078,4657
340582,340415,167,4658
344374,344192,182,4659
347730,347535,195,4660
350915,350705,210,4661
220624,220624,0,4662
229115,229115,0,4663
235832,235832,0,4664
242202,242202,0,4665
38475,38475,0,4666
38334,38334,0,4667
38107,38107,0,4668
37879,37879,0,4669
82792,81982,810,4670
87192,86275,917,4671
90609,89597,1012,4672
93851,92738,1113,4673
217756,217756,0,4674
224427,224427,0,4675
229779,229779,0,4676
234854,234854,0,4677
42144,30847,11297,4678
43024,30858,12166,4679
43750,30841,12909,4680
44440,30763,13677,4681
41610,35766,5844,4682
42798,36397,6401,4683
43755,36871,6884,4684
44663,37270,7393,4685
3900,1222,2678,4686
3924,1168,2756,4687
3947,1126,2821,4688
3969,1084,2885,4689
21866,21817,49,4690
22717,22663,54,4691
23390,23331,59,4692
24028,23963,65,4693
4482,910,3572,4694
4515,864,3651,4695
4546,828,3718,4696
4575,793,3782,4697
76283,76283,0,4698
78304,78304,0,4699
79941,79941,0,4700
81494,81494,0,4701
6865,6329,536,4702
6855,6296,559,4703
6866,6285,581,4704
6868,6265,603,4705
15979,14618,1361,4706
16065,14636,1429,4707
16135,14647,1488,4708
16180,14633,1547,4709
9831,7549,2282,4710
9807,7446,2361,4711
9815,7381,2434,4712
9808,7301,2507,4713
2685,2202,483,4714
2669,2170,499,4715
2664,2150,514,4716
2652,2123,529,4717
28396,26675,1721,4718
28894,27063,1831,4719
29370,27438,1932,4720
29804,27770,2034,4721
9322,6243,3079,4722
9415,6206,3209,4723
9500,6177,3323,4724
9572,6136,3436,4725
19950,19355,595,4726
19973,19349,624,4727
20061,19410,651,4728
20118,19439,679,4729
29803,28104,1699,4730
29802,28027,1775,4731
29897,28048,1849,4732
29942,28019,1923,4733
5006,1679,3327,4734
5031,1632,3399,4735
5062,1598,3464,4736
5083,1562,3521,4737
3187,663,2524,4738
3159,632,2527,4739
3136,608,2528,4740
3109,583,2526,4741
2148,371,1777,4742
2143,356,1787,4743
2140,344,1796,4744
2135,331,1804,4745
2347,1311,1036,4746
2350,1285,1065,4747
2353,1263,1090,4748
2357,1241,1116,4749
2432,1085,1347,4750
2396,1041,1355,4751
2364,1004,1360,4752
2330,966,1364,4753
906,670,236,4754
903,659,244,4755
902,651,251,4756
899,641,258,4757
48644,45264,3380,4758
48917,45381,3536,4759
49231,45555,3676,4760
49489,45669,3820,4761
24114,19474,4640,4762
24727,19803,4924,4763
25318,20134,5184,4764
25806,20369,5437,4765
12732,9549,3183,4766
12767,9472,3295,4767
12816,9422,3394,4768
12857,9361,3496,4769
12776,2913,9863,4770
12762,2811,9951,4771
12788,2735,10053,4772
12804,2657,10147,4773
5167,647,4520,4774
5070,610,4460,4775
4990,581,4409,4776
4906,553,4353,4777
6930,1321,5609,4778
6916,1271,5645,4779
6926,1234,5692,4780
6929,1197,5732,4781
6252,682,5570,4782
6239,653,5586,4783
6247,633,5614,4784
6249,612,5637,4785
26702,14125,12577,4786
26830,13836,12994,4787
27030,13641,13389,4788
27201,13423,13778,4789
10354,892,9462,4790
10403,853,9550,4791
10482,825,9657,4792
10550,798,9752,4793
2612,737,1875,4794
2574,699,1875,4795
2545,669,1876,4796
2512,639,1873,4797
4190,2072,2118,4798
4122,1983,2139,4799
4065,1911,2154,4800
4005,1838,2167,4801
666,73,593,4802
662,69,593,4803
661,66,595,4804
658,63,595,4805
2894,916,1978,4806
2869,875,1994,4807
2853,844,2009,4808
2835,812,2023,4809
551,140,411,4810
542,132,410,4811
536,126,410,4812
530,120,410,4813
6534,1214,5320,4814
6543,1164,5379,4815
6571,1127,5444,4816
6591,1089,5502,4817
7597,2234,5363,4818
7543,2136,5407,4819
7509,2060,5449,4820
7467,1983,5484,4821
23245,3572,19673,4822
23003,3380,19623,4823
22824,3228,19596,4824
22622,3079,19543,4825
19081,17972,1109,4826
19368,18193,1175,4827
19647,18412,1235,4828
19882,18586,1296,4829
43508,39458,4050,4830
44119,39840,4279,4831
44710,40223,4487,4832
45202,40508,4694,4833
4498,4124,374,4834
4604,4205,399,4835
4708,4286,422,4836
4803,4357,446,4837
31619,31585,34,4838
32161,32124,37,4839
32691,32652,39,4840
33150,33109,41,4841
12604,11434,1170,4842
12718,11488,1230,4843
12825,11542,1283,4844
12902,11566,1336,4845
13871,4075,9796,4846
13862,3935,9927,4847
13855,3823,10032,4848
13848,3711,10137,4849
4201,1089,3112,4850
4229,1058,3171,4851
4264,1035,3229,4852
4292,1010,3282,4853
12978,2216,10762,4854
13046,2140,10906,4855
13135,2084,11051,4856
13206,2026,11180,4857
6166,1163,5003,4858
6142,1113,5029,4859
6130,1130,5000,4860
6122,1092,5030,4861
1164,435,729,4862
1116,404,712,4863
1070,378,692,4864
1034,356,678,4865
3795,340,3455,4866
3762,322,3440,4867
3736,309,3427,4868
3716,296,3420,4869
1385,139,1246,4870
1360,131,1229,4871
1337,124,1213,4872
1320,119,1201,4873
20753,8264,12489,4874
21147,8178,12969,4875
21560,8137,13423,4876
21889,8057,13832,4877
10482,3432,7050,4878
10782,3417,7365,4879
11088,3420,7668,4880
11333,3399,7934,4881
1872,533,1339,4882
1902,523,1379,4883
1936,517,1419,4884
1961,509,1452,4885
2330,1069,1261,4886
2290,1023,1267,4887
2256,986,1270,4888
2228,952,1276,4889
3033,955,2078,4890
3032,923,2109,4891
3031,898,2133,4892
3030,872,2158,4893
2466,576,1890,4894
2422,545,1877,4895
2384,456,1928,4896
2352,435,1917,4897
77443,47976,29467,4898
79944,47898,32046,4899
82085,47852,34233,4900
84084,47638,36446,4901
19177,2081,17096,4902
19344,1945,17399,4903
19553,1850,17703,4904
19702,1754,17948,4905
9948,1006,8942,4906
10054,941,9113,4907
10179,896,9283,4908
10271,851,9420,4909
8748,1988,6760,4910
8795,1869,6926,4911
8865,1786,7079,4912
8909,1701,7208,4913
11627,320,11307,4914
11381,288,11093,4915
11164,265,10899,4916
10927,243,10684,4917
14728,395,14333,4918
14881,367,14514,4919
15064,348,14716,4920
15197,329,14868,4921
9847,2035,7812,4922
9904,1911,7993,4923
9986,1825,8161,4924
10040,1736,8304,4925
14229,645,13584,4926
14367,600,13767,4927
14534,569,13965,4928
14654,538,14116,4929
20325,7689,12636,4930
20368,7483,12885,4931
20456,7335,13121,4932
20520,7178,13342,4933
5067,1819,3248,4934
4995,1740,3255,4935
4934,1676,3258,4936
4870,1613,3257,4937
5851,2630,3221,4938
5789,2536,3253,4939
5739,2461,3278,4940
5685,2384,3301,4941
1854,990,864,4942
1846,965,881,4943
1842,945,897,4944
1835,924,911,4945
2464,159,2305,4946
2441,151,2290,4947
2424,145,2279,4948
2405,138,2267,4949
13727,7336,6391,4950
13703,7165,6538,4951
13708,7037,6671,4952
13698,6899,6799,4953
3062,596,2466,4954
3049,572,2477,4955
3043,553,2490,4956
3033,534,2499,4957
3682,823,2859,4958
3677,793,2884,4959
3680,770,2910,4960
3679,746,2933,4961
14331,4628,9703,4962
14344,4488,9856,4963
14358,4376,9982,4964
14381,4269,10112,4965
4932,591,4341,4966
4866,560,4306,4967
4839,539,4300,4968
4800,516,4284,4969
2555,521,2034,4970
2566,504,2062,4971
2573,491,2082,4972
2582,476,2106,4973
6620,1635,4985,4974
6514,1553,4961,4975
6470,1499,4971,4976
6405,1441,4964,4977
57500,44564,12936,4978
58418,44801,13617,4979
59275,45054,14221,4980
60018,45198,14820,4981
37511,31672,5839,4982
39125,32794,6331,4983
40535,33766,6769,4984
41760,34561,7199,4985
7536,7215,321,4986
7663,7322,341,4987
7780,7420,360,4988
7882,7504,378,4989
285907,285602,305,4990
288360,288052,308,4991
291138,290825,313,4992
293332,293015,317,4993
19441,16460,2981,4994
19629,16614,3015,4995
19821,16761,3060,4996
19966,16866,3100,4997
12896,12601,295,4998
13118,12817,301,4999
13345,13037,308,5000
13542,13228,314,5001
2422,2422,0,5002
2439,2439,0,5003
2459,2459,0,5004
2471,2471,0,5005
164974,164974,0,5006
165355,165355,0,5007
166266,166266,0,5008
167037,167037,0,5009
97223,91648,5575,5010
99183,93484,5699,5011
100033,94251,5782,5012
100801,94939,5862,5013
10696,8800,1896,5014
10829,8906,1923,5015
10964,9007,1957,5016
11074,9087,1987,5017
34856,25514,9342,5018
35323,25841,9482,5019
35797,26145,9652,5020
36188,26383,9805,5021
2526,2246,280,5022
2538,2256,282,5023
2552,2267,285,5024
2561,2273,288,5025
8470,6793,1677,5026
8359,6701,1658,5027
8311,6654,1657,5028
8268,6611,1657,5029
14127,12702,1425,5030
14726,13238,1488,5031
14893,13380,1513,5032
15048,13510,1538,5033
50505,46228,4277,5034
52505,48050,4455,5035
52997,48475,4522,5036
53446,48858,4588,5037
17304,14155,3149,5038
17794,14550,3244,5039
18063,14754,3309,5040
18318,14944,3374,5041
13592,13403,189,5042
13856,13663,193,5043
14126,13928,198,5044
14366,14164,202,5045
12450,10004,2446,5046
12497,10037,2460,5047
12581,10093,2488,5048
12654,10138,2516,5049
15446,13956,1490,5050
15365,13880,1485,5051
15279,13794,1485,5052
15153,13671,1482,5053
24648,21096,3552,5054
25022,21409,3613,5055
25401,21714,3687,5056
25723,21968,3755,5057
26664,23222,3442,5058
27016,23522,3494,5059
27375,23815,3560,5060
27672,24054,3618,5061
9035,7842,1193,5062
9022,7828,1194,5063
9046,7843,1203,5064
9062,7850,1212,5065
29619,27534,2085,5066
29773,27673,2100,5067
29990,27862,2128,5068
30159,28006,2153,5069
37249,36422,827,5070
37715,36843,872,5071
38144,37235,909,5072
38489,37542,947,5073
12300,414,11886,5074
12251,397,11854,5075
12187,382,11805,5076
12096,368,11728,5077
15025,1696,13329,5078
15112,1644,13468,5079
15203,1608,13595,5080
15266,1567,13699,5081
4167,1943,2224,5082
4179,1907,2272,5083
4198,1882,2316,5084
4210,1853,2357,5085
21797,8656,13141,5086
21977,8514,13463,5087
22136,8410,13726,5088
22242,8276,13966,5089
15637,14731,906,5090
16007,15043,964,5091
16076,15079,997,5092
16135,15103,1032,5093
78343,65511,12832,5094
79845,66710,13135,5095
81867,68245,13622,5096
83717,69631,14086,5097
1539,480,1059,5098
1571,488,1083,5099
1613,497,1116,5100
1650,503,1147,5101
9436,5292,4144,5102
9472,5300,4172,5103
9560,5318,4242,5104
9623,5320,4303,5105
19575,10269,9306,5106
20042,10488,9554,5107
20310,10560,9750,5108
20559,10620,9939,5109
19596,8129,11467,5110
19750,8168,11582,5111
20146,8266,11880,5112
20524,8354,12170,5113
54514,14022,40492,5114
56131,14381,41750,5115
57002,14457,42545,5116
57818,14518,43300,5117
33008,17802,15206,5118
33952,18268,15684,5119
34752,18580,16172,5120
35523,18874,16649,5121
53834,16336,37498,5122
55691,16839,38852,5123
56552,16938,39614,5124
57359,17018,40341,5125
8641,4146,4495,5126
8829,4225,4604,5127
9070,4310,4760,5128
9292,4384,4908,5129
13522,4506,9016,5130
13577,4509,9068,5131
13708,4511,9197,5132
13801,4500,9301,5133
17206,15495,1711,5134
17754,15980,1774,5135
18284,16435,1849,5136
18801,16876,1925,5137
23915,10135,13780,5138
24221,10234,13987,5139
24667,10341,14326,5140
25048,10419,14629,5141
269769,269769,0,5142
267379,267379,0,5143
267199,267199,0,5144
266887,266887,0,5145
76357,76357,0,5146
82677,82677,0,5147
87091,87091,0,5148
91478,91478,0,5149
652900,652900,0,5150
670818,670818,0,5151
687615,687615,0,5152
702815,702815,0,5153
35745,35745,0,5154
35915,35915,0,5155
36200,36200,0,5156
36467,36467,0,5157
92153,92153,0,5158
93111,93111,0,5159
94209,94209,0,5160
95187,95187,0,5161
380890,375654,5236,5162
400414,394942,5472,5163
412234,406546,5688,5164
423894,418005,5889,5165
43897,43897,0,5166
44157,44157,0,5167
44634,44634,0,5168
45091,45091,0,5169
349855,349855,0,5170
355978,355978,0,5171
361907,361907,0,5172
367099,367099,0,5173
37815,37555,260,5174
39055,38788,267,5175
39633,39359,274,5176
40193,39914,279,5177
566314,566314,0,5178
573884,573884,0,5179
581036,581036,0,5180
586914,586914,0,5181
218277,218277,0,5182
221974,221974,0,5183
225749,225749,0,5184
229426,229426,0,5185
221551,221551,0,5186
222850,222850,0,5187
225536,225536,0,5188
228121,228121,0,5189
80377,80377,0,5190
81743,81743,0,5191
82842,82842,0,5192
83904,83904,0,5193
157820,157820,0,5194
160244,160244,0,5195
162761,162761,0,5196
165020,165020,0,5197
188900,188900,0,5198
188619,188619,0,5199
189152,189152,0,5200
189594,189594,0,5201
59213,59213,0,5202
59578,59578,0,5203
60647,60647,0,5204
61689,61689,0,5205
349100,349100,0,5206
351983,351983,0,5207
355528,355528,0,5208
358910,358910,0,5209
271822,271822,0,5210
283231,283231,0,5211
293377,293377,0,5212
302599,302599,0,5213
104770,103053,1717,5214
109506,107722,1784,5215
111789,109950,1839,5216
114024,112135,1889,5217
63856,63856,0,5218
65139,65139,0,5219
66464,66464,0,5220
67761,67761,0,5221
92250,92250,0,5222
94010,94010,0,5223
95809,95809,0,5224
97568,97568,0,5225
106735,106735,0,5226
108855,108855,0,5227
111202,111202,0,5228
113503,113503,0,5229
134104,132617,1487,5230
142133,140567,1566,5231
147228,145590,1638,5232
152268,150562,1706,5233
16032,16032,0,5234
16615,16615,0,5235
17142,17142,0,5236
17620,17620,0,5237
379550,379550,0,5238
395819,395819,0,5239
404081,404081,0,5240
412174,412174,0,5241
19966,19925,41,5242
22230,22184,46,5243
22855,22807,48,5244
23470,23421,49,5245
7955,7954,1,5246
8243,8242,1,5247
8531,8530,1,5248
8808,8807,1,5249
179892,179892,0,5250
180260,180260,0,5251
181613,181613,0,5252
182882,182882,0,5253
8442,8236,206,5254
8722,8511,211,5255
9003,8783,220,5256
9273,9045,228,5257
125183,125183,0,5258
127102,127102,0,5259
129095,129095,0,5260
130882,130882,0,5261
66878,66878,0,5262
67703,67703,0,5263
68604,68604,0,5264
69409,69409,0,5265
1152258,1152258,0,5266
1177629,1177629,0,5267
1203125,1203125,0,5268
1225092,1225092,0,5269
408538,408538,0,5270
412865,412865,0,5271
417800,417800,0,5272
422197,422197,0,5273
55688,55688,0,5274
55793,55793,0,5275
56068,56068,0,5276
56302,56302,0,5277
729268,729268,0,5278
744050,744050,0,5279
758216,758216,0,5280
770725,770725,0,5281
169282,169282,0,5282
173309,173309,0,5283
177164,177164,0,5284
180647,180647,0,5285
218514,218514,0,5286
221776,221776,0,5287
224893,224893,0,5288
227530,227530,0,5289
1106,1098,8,5290
1142,1134,8,5291
1180,1172,8,5292
1216,1207,9,5293
34361,34361,0,5294
37940,37940,0,5295
40030,40030,0,5296
42107,42107,0,5297
397082,397082,0,5298
408086,408086,0,5299
414142,414142,0,5300
420016,420016,0,5301
99397,99397,0,5302
100339,100339,0,5303
101448,101448,0,5304
102434,102434,0,5305
420278,420278,0,5306
423887,423887,0,5307
428276,428276,0,5308
432170,432170,0,5309
432835,432835,0,5310
437992,437992,0,5311
443687,443687,0,5312
448775,448775,0,5313
70971,65518,5453,5314
72221,66552,5669,5315
73423,67559,5864,5316
74630,68577,6053,5317
22007,19636,2371,5318
21938,19525,2413,5319
21783,19346,2437,5320
21633,19177,2456,5321
17797,16206,1591,5322
17941,16303,1638,5323
18055,16378,1677,5324
18171,16457,1714,5325
24930,18855,6075,5326
25470,19154,6316,5327
26090,19530,6560,5328
26709,19907,6802,5329
13257,13172,85,5330
13525,13436,89,5331
13703,13611,92,5332
13882,13788,94,5333
2004,1661,343,5334
1956,1611,345,5335
1927,1579,348,5336
1899,1548,351,5337
854,848,6,5338
847,841,6,5339
837,831,6,5340
827,821,6,5341
1650,393,1257,5342
1612,373,1239,5343
1585,359,1226,5344
1559,345,1214,5345
960,642,318,5346
945,625,320,5347
927,606,321,5348
911,590,321,5349
976,536,440,5350
972,525,447,5351
963,513,450,5352
956,503,453,5353
2291,2149,142,5354
2247,2105,142,5355
2234,2090,144,5356
2222,2076,146,5357
596,289,307,5358
591,283,308,5359
583,276,307,5360
574,269,305,5361
661,566,95,5362
637,544,93,5363
629,535,94,5364
621,527,94,5365
770,683,87,5366
761,673,88,5367
755,665,90,5368
749,659,90,5369
886,687,199,5370
880,679,201,5371
871,668,203,5372
862,658,204,5373
585,546,39,5374
595,554,41,5375
600,558,42,5376
604,561,43,5377
5893,3720,2173,5378
5882,3684,2198,5379
5848,3631,2217,5380
5817,3581,2236,5381
57964,51173,6791,5382
59323,52208,7115,5383
60905,53450,7455,5384
62496,54703,7793,5385
10249,9069,1180,5386
10686,9426,1260,5387
10916,9602,1314,5388
11148,9781,1367,5389
2385,1092,1293,5390
2409,1088,1321,5391
2420,1079,1341,5392
2431,1071,1360,5393
8453,7660,793,5394
8637,7807,830,5395
9031,8145,886,5396
9424,8482,942,5397
22605,21854,751,5398
23568,22764,804,5399
24436,23584,852,5400
25335,24434,901,5401
1034,506,528,5402
1039,502,537,5403
1060,506,554,5404
1082,511,571,5405
38239,36351,1888,5406
38559,36607,1952,5407
38921,36907,2014,5408
39293,37219,2074,5409
4103,3652,451,5410
4082,3623,459,5411
4044,3580,464,5412
4008,3540,468,5413
33062,31031,2031,5414
33688,31566,2122,5415
34259,32053,2206,5416
34836,32550,2286,5417
27242,24659,2583,5418
28216,25476,2740,5419
29063,26181,2882,5420
29934,26908,3026,5421
1677,711,966,5422
1684,703,981,5423
1698,699,999,5424
1713,697,1016,5425
15944,14049,1895,5426
16225,14251,1974,5427
16418,14380,2038,5428
16614,14513,2101,5429
4513,3755,758,5430
4616,3824,792,5431
4696,3875,821,5432
4777,3927,850,5433
13012,12113,899,5434
13163,12230,933,5435
13242,12283,959,5436
13322,12339,983,5437
3118,2445,673,5438
3186,2484,702,5439
3237,2512,725,5440
3290,2540,750,5441
1350,883,467,5442
1339,868,471,5443
1323,851,472,5444
1305,833,472,5445
103183,95166,8017,5446
105011,96647,8364,5447
106821,98131,8690,5448
108647,99640,9007,5449
675,522,153,5450
657,505,152,5451
649,496,153,5452
641,488,153,5453
865,841,24,5454
835,811,24,5455
818,794,24,5456
802,777,25,5457
20599,15229,5370,5458
21121,15504,5617,5459
21647,15792,5855,5460
22181,16091,6090,5461
59594,55135,4459,5462
60774,56112,4662,5463
61716,56880,4836,5464
62668,57662,5006,5465
2052,954,1098,5466
2015,923,1092,5467
1978,895,1083,5468
1941,868,1073,5469
324,299,25,5470
313,288,25,5471
304,279,25,5472
295,271,24,5473
1137,1106,31,5474
1184,1151,33,5475
1232,1198,34,5476
1283,1246,37,5477
642,516,126,5478
636,508,128,5479
631,502,129,5480
624,494,130,5481
788,342,446,5482
769,329,440,5483
752,317,435,5484
736,307,429,5485
698,410,288,5486
671,389,282,5487
664,382,282,5488
658,374,284,5489
397,384,13,5490
389,376,13,5491
380,366,14,5492
371,358,13,5493
4057,3303,754,5494
4014,3246,768,5495
3981,3195,786,5496
3949,3148,801,5497
1246,410,836,5498
1232,395,837,5499
1209,379,830,5500
1187,362,825,5501
718,588,130,5502
666,542,124,5503
649,525,124,5504
632,507,125,5505
322,311,11,5506
312,301,11,5507
308,296,12,5508
303,291,12,5509
3439,2010,1429,5510
3222,1854,1368,5511
3095,1753,1342,5512
2971,1657,1314,5513
460,126,334,5514
466,125,341,5515
468,122,346,5516
470,119,351,5517
543,529,14,5518
509,495,14,5519
501,487,14,5520
493,478,15,5521
784,652,132,5522
736,608,128,5523
723,593,130,5524
711,580,131,5525
1282,1129,153,5526
1256,1101,155,5527
1224,1068,156,5528
1194,1037,157,5529
610,293,317,5530
593,280,313,5531
573,265,308,5532
556,253,303,5533
863,502,361,5534
847,485,362,5535
826,466,360,5536
806,448,358,5537
605,581,24,5538
573,549,24,5539
558,534,24,5540
542,518,24,5541
1415,282,1133,5542
1411,273,1138,5543
1399,263,1136,5544
1387,254,1133,5545
6573,6302,271,5546
6631,6348,283,5547
6664,6369,295,5548
6699,6393,306,5549
1331,785,546,5550
1321,768,553,5551
1291,739,552,5552
1261,710,551,5553
5845,1423,4422,5554
5948,1408,4540,5555
5992,1376,4616,5556
6032,1350,4682,5557
1125,809,316,5558
1080,769,311,5559
1060,746,314,5560
1041,725,316,5561
1159,985,174,5562
1132,957,175,5563
1110,932,178,5564
1089,910,179,5565
659,654,5,5566
635,630,5,5567
629,625,4,5568
623,618,5,5569
357,337,20,5570
346,326,20,5571
339,319,20,5572
333,313,20,5573
1165,1001,164,5574
1128,964,164,5575
1111,945,166,5576
1095,926,169,5577
4018,3525,493,5578
3918,3421,497,5579
3870,3363,507,5580
3823,3307,516,5581
1379,189,1190,5582
1343,178,1165,5583
1313,169,1144,5584
1285,160,1125,5585
916,709,207,5586
893,686,207,5587
872,663,209,5588
851,642,209,5589
204,189,15,5590
200,185,15,5591
194,179,15,5592
189,174,15,5593
640,181,459,5594
636,175,461,5595
628,168,460,5596
620,162,458,5597
2617,2362,255,5598
2642,2376,266,5599
2644,2368,276,5600
2645,2360,285,5601
13124,12489,635,5602
13305,12639,666,5603
13397,12702,695,5604
13490,12765,725,5605
299,295,4,5606
287,283,4,5607
278,274,4,5608
269,265,4,5609
399,322,77,5610
384,308,76,5611
368,293,75,5612
353,279,74,5613
3306,559,2747,5614
3336,547,2789,5615
3350,531,2819,5616
3365,519,2846,5617
1411,1040,371,5618
1379,1006,373,5619
1350,975,375,5620
1322,945,377,5621
67213,66635,578,5622
68599,67986,613,5623
70366,69715,651,5624
72159,71471,688,5625
2107,402,1705,5626
2062,382,1680,5627
2027,365,1662,5628
1991,349,1642,5629
8233,8131,102,5630
8491,8382,109,5631
8802,8685,117,5632
9126,9002,124,5633
888,516,372,5634
852,487,365,5635
842,475,367,5636
832,463,369,5637
28163,28082,81,5638
28388,28303,85,5639
28759,28670,89,5640
29126,29033,93,5641
35707,32140,3567,5642
36259,32510,3749,5643
37005,33063,3942,5644
37758,33623,4135,5645
1933,499,1434,5646
1932,485,1447,5647
1944,475,1469,5648
1957,468,1489,5649
1534,924,610,5650
1502,890,612,5651
1478,865,613,5652
1454,840,614,5653
766,482,284,5654
768,477,291,5655
776,475,301,5656
786,476,310,5657
38124,35646,2478,5658
39330,36681,2649,5659
39829,37062,2767,5660
40340,37455,2885,5661
24094,16180,7914,5662
24378,16165,8213,5663
24788,16250,8538,5664
25199,16343,8856,5665
27118,23484,3634,5666
28156,24257,3899,5667
28707,24616,4091,5668
29269,24986,4283,5669
11933,9894,2039,5670
11903,9809,2094,5671
11882,9736,2146,5672
11863,9672,2191,5673
517,351,166,5674
491,329,162,5675
470,312,158,5676
447,294,153,5677
547,218,329,5678
524,204,320,5679
505,193,312,5680
486,182,304,5681
1054,335,719,5682
1027,319,708,5683
1003,304,699,5684
982,292,690,5685
840,259,581,5686
825,248,577,5687
812,239,573,5688
801,231,570,5689
2422,1961,461,5690
2367,1903,464,5691
2318,1853,465,5692
2273,1806,467,5693
1353,1143,210,5694
1276,1074,202,5695
1238,1038,200,5696
1200,1002,198,5697
1479,240,1239,5698
1477,234,1243,5699
1475,230,1245,5700
1474,225,1249,5701
1111,489,622,5702
1070,465,605,5703
1034,443,591,5704
999,423,576,5705
533,510,23,5706
518,495,23,5707
505,482,23,5708
491,469,22,5709
423,136,287,5710
411,130,281,5711
400,125,275,5712
389,120,269,5713
523,212,311,5714
522,209,313,5715
522,206,316,5716
522,203,319,5717
160,122,38,5718
153,116,37,5719
148,112,36,5720
142,107,35,5721
1074,727,347,5722
1072,720,352,5723
1067,711,356,5724
1063,704,359,5725
790,258,532,5726
770,247,523,5727
753,238,515,5728
736,229,507,5729
219,206,13,5730
213,200,13,5731
209,196,13,5732
205,192,13,5733
1112,424,688,5734
1088,409,679,5735
1067,395,672,5736
1049,383,666,5737
327,294,33,5738
319,286,33,5739
312,279,33,5740
307,275,32,5741
145,136,9,5742
137,129,8,5743
131,123,8,5744
127,119,8,5745
547,473,74,5746
521,449,72,5747
497,427,70,5748
474,406,68,5749
650,373,277,5750
648,368,280,5751
644,362,282,5752
642,357,285,5753
938,603,335,5754
943,601,342,5755
943,596,347,5756
945,593,352,5757
442,412,30,5758
441,411,30,5759
441,410,31,5760
522,366,156,5761
501,348,153,5762
481,333,148,5763
436,122,314,5764
416,115,301,5765
396,108,288,5766
379,101,278,5767
553,198,355,5768
536,189,347,5769
520,181,339,5770
504,173,331,5771
225,180,45,5772
212,169,43,5773
202,159,43,5774
191,150,41,5775
620,359,261,5776
617,354,263,5777
616,350,266,5778
615,347,268,5779
512,465,47,5780
517,468,49,5781
521,471,50,5782
526,474,52,5783
591,397,194,5784
562,375,187,5785
536,354,182,5786
510,335,175,5787
427,362,65,5788
415,350,65,5789
402,338,64,5790
392,329,63,5791
163,137,26,5792
156,130,26,5793
151,125,26,5794
146,121,25,5795
277,215,62,5796
268,207,61,5797
259,200,59,5798
251,192,59,5799
502,487,15,5800
503,487,16,5801
504,488,16,5802
505,489,16,5803
496,367,129,5804
490,360,130,5805
486,355,131,5806
481,349,132,5807
512,233,279,5808
484,218,266,5809
460,204,256,5810
436,191,245,5811
501,291,210,5812
490,281,209,5813
481,273,208,5814
472,266,206,5815
1634,612,1022,5816
1624,599,1025,5817
1613,587,1026,5818
1606,576,1030,5819
287,275,12,5820
274,262,12,5821
260,249,11,5822
248,236,12,5823
163209,161138,2071,5824
163502,161374,2128,5825
163849,161661,2188,5826
164196,161946,2250,5827
3219,756,2463,5828
3277,754,2523,5829
3328,751,2577,5830
3372,745,2627,5831
14627,6296,8331,5832
14284,6058,8226,5833
13931,5821,8110,5834
13577,5585,7992,5835
11760,4369,7391,5836
11717,4284,7433,5837
11670,4197,7473,5838
11604,4103,7501,5839
8680,2725,5955,5840
8546,2636,5910,5841
8403,2545,5858,5842
8249,2453,5796,5843
14014,5293,8721,5844
14091,5237,8854,5845
14128,5165,8963,5846
14164,5092,9072,5847
17379,4074,13305,5848
17605,4047,13558,5849
17813,4014,13799,5850
17988,3971,14017,5851
87876,80753,7123,5852
88908,81530,7378,5853
89838,82203,7635,5854
90609,82721,7888,5855
5045,512,4533,5856
5061,502,4559,5857
5065,491,4574,5858
5068,480,4588,5859
70855,62051,8804,5860
71005,61983,9022,5861
71084,61845,9239,5862
71162,61698,9464,5863
147951,131873,16078,5864
152555,135596,16959,5865
156363,138575,17788,5866
159614,141026,18588,5867
100176,82505,17671,5868
104052,85196,18856,5869
106557,86826,19731,5870
108870,88288,20582,5871
16738,1160,15578,5872
17006,1143,15863,5873
17190,1127,16063,5874
17360,1111,16249,5875
4620,2574,2046,5876
4658,2557,2101,5877
4686,2543,2143,5878
4712,2526,2186,5879
13658,8725,4933,5880
13684,8638,5046,5881
13713,8572,5141,5882
13739,8505,5234,5883
4260,894,3366,5884
4273,873,3400,5885
4285,858,3427,5886
4296,842,3454,5887
6194,3413,2781,5888
6219,3376,2843,5889
6240,3346,2894,5890
6259,3317,2942,5891
33114,22633,10481,5892
33520,22803,10717,5893
33911,22956,10955,5894
34208,23036,11172,5895
6355,1520,4835,5896
6276,1485,4791,5897
6182,1445,4737,5898
6081,1404,4677,5899
7549,2130,5419,5900
7568,2113,5455,5901
7597,2098,5499,5902
7622,2080,5542,5903
10466,2699,7767,5904
10789,2752,8037,5905
11071,2791,8280,5906
11281,2810,8471,5907
13556,2905,10651,5908
13751,2913,10838,5909
13937,2916,11021,5910
14079,2908,11171,5911
23378,12584,10794,5912
23811,12708,11103,5913
24266,12838,11428,5914
24655,12928,11727,5915
12771,4009,8762,5916
12700,3936,8764,5917
12637,3866,8771,5918
12538,3786,8752,5919
10054,1933,8121,5920
10041,1902,8139,5921
10033,1872,8161,5922
9998,1837,8161,5923
12639,3657,8982,5924
12680,3621,9059,5925
12728,3586,9142,5926
12762,3548,9214,5927
27856,24922,2934,5928
28008,25000,3008,5929
28131,25051,3080,5930
28209,25059,3150,5931
1654,677,977,5932
1631,659,972,5933
1605,640,965,5934
1579,621,958,5935
2514,1679,835,5936
2417,1602,815,5937
2322,1528,794,5938
2224,1452,772,5939
6865,2934,3931,5940
6859,2896,3963,5941
6844,2853,3991,5942
6821,2807,4014,5943
8608,2780,5828,5944
8669,2759,5910,5945
8720,2734,5986,5946
8758,2704,6054,5947
4670,2476,2194,5948
4617,2424,2193,5949
4561,2370,2191,5950
4498,2312,2186,5951
3344,1054,2290,5952
3256,1011,2245,5953
3167,969,2198,5954
3074,926,2148,5955
688,236,452,5956
695,235,460,5957
702,234,468,5958
706,232,474,5959
959,516,443,5960
952,508,444,5961
944,498,446,5962
934,488,446,5963
5095,3963,1132,5964
5092,3942,1150,5965
5082,3914,1168,5966
5065,3881,1184,5967
2274,834,1440,5968
2263,819,1444,5969
2248,802,1446,5970
2232,785,1447,5971
27856,19927,7929,5972
28258,20094,8164,5973
28648,20253,8395,5974
28991,20373,8618,5975
1768,1024,744,5976
1739,998,741,5977
1718,978,740,5978
1698,958,740,5979
3637,1462,2175,5980
3503,1390,2113,5981
3372,1322,2050,5982
3239,1255,1984,5983
6286,1760,4526,5984
6200,1710,4490,5985
6144,1670,4474,5986
6078,1628,4450,5987
15251,5851,9400,5988
15234,5769,9465,5989
15288,5719,9569,5990
15320,5657,9663,5991
7597,6321,1276,5992
7543,6254,1289,5993
7524,6216,1308,5994
7495,6171,1324,5995
15600,10411,5189,5996
15950,10611,5339,5997
16155,10704,5451,5998
16355,10787,5568,5999
7857,989,6868,6000
7942,992,6950,6001
8002,989,7013,6002
8052,983,7069,6003
9428,3072,6356,6004
9451,3060,6391,6005
9482,3046,6436,6006
9506,3024,6482,6007
4690,2053,2637,6008
4557,1984,2573,6009
4457,1927,2530,6010
4355,1869,2486,6011
6176,2263,3913,6012
6170,2248,3922,6013
6151,2224,3927,6014
6129,2197,3932,6015
15198,1824,13374,6016
15800,1880,13920,6017
16142,1902,14240,6018
16425,1912,14513,6019
4346,3599,747,6020
4384,3606,778,6021
4422,3611,811,6022
4452,3605,847,6023
615,289,326,6024
615,283,332,6025
612,276,336,6026
608,268,340,6027
2710,610,2100,6028
2616,573,2043,6029
2518,534,1984,6030
2408,493,1915,6031
1527,220,1307,6032
1559,217,1342,6033
1589,214,1375,6034
1610,208,1402,6035
96463,92745,3718,6036
100011,96066,3945,6037
103413,99244,4169,6038
106751,102358,4393,6039
14442,9559,4883,6040
15132,9933,5199,6041
15810,10298,5512,6042
16494,10662,5832,6043
16939,14632,2307,6044
18553,15974,2579,6045
20064,17220,2844,6046
21575,18459,3116,6047
6384,5068,1316,6048
6518,5149,1369,6049
6636,5218,1418,6050
6741,5276,1465,6051
2403,1245,1158,6052
2373,1196,1177,6053
2334,1150,1184,6054
2302,1111,1191,6055
1528,159,1369,6056
1547,153,1394,6057
1557,149,1408,6058
1570,144,1426,6059
6790,2323,4467,6060
6553,2159,4394,6061
6453,2063,4390,6062
6363,1979,4384,6063
10375,7784,2591,6064
10645,7871,2774,6065
10819,7908,2911,6066
10965,7925,3040,6067
3030,2349,681,6068
3227,2494,733,6069
3311,2551,760,6070
3393,2606,787,6071
5900,5622,278,6072
5784,5508,276,6073
5741,5464,277,6074
5696,5417,279,6075
3420,1805,1615,6076
3468,1819,1649,6077
3550,1849,1701,6078
3628,1877,1751,6079
72538,70225,2313,6080
74486,71907,2579,6081
47073,45590,1483,6082
47754,46164,1590,6083
2322,1362,960,6084
2197,1243,954,6085
2177,1199,978,6086
2152,1154,998,6087
756,587,169,6088
723,551,172,6089
703,527,176,6090
685,506,179,6091
9528,8813,715,6092
9804,9008,796,6093
9960,9104,856,6094
10104,9188,916,6095
1668,1592,76,6096
1588,1510,78,6097
1533,1453,80,6098
1481,1399,82,6099
6757,3401,3356,6100
6753,3255,3498,6101
6750,3149,3601,6102
6736,3046,3690,6103
28592,27294,1298,6104
29005,27613,1392,6105
3198,2257,941,6106
3117,2161,956,6107
3056,2086,970,6108
3002,2021,981,6109
644,309,335,6110
576,268,308,6111
548,249,299,6112
520,230,290,6113
996,354,642,6114
965,330,635,6115
945,313,632,6116
926,297,629,6117
3111,826,2285,6118
3014,765,2249,6119
2950,722,2228,6120
2893,686,2207,6121
600,111,489,6122
547,97,450,6123
504,86,418,6124
467,77,390,6125
538,467,71,6126
493,425,68,6127
460,394,66,6128
431,366,65,6129
436,167,269,6130
402,149,253,6131
378,136,242,6132
355,123,232,6133
2568,1918,650,6134
2512,1848,664,6135
2472,1795,677,6136
2436,1747,689,6137
513,316,197,6138
480,289,191,6139
453,267,186,6140
430,250,180,6141
1697,938,759,6142
1574,847,727,6143
1485,782,703,6144
1404,724,680,6145
874,530,344,6146
823,488,335,6147
785,456,329,6148
750,427,323,6149
70640,70230,410,6150
70753,70326,427,6151
71354,70908,446,6152
71753,71289,464,6153
5690,5651,39,6154
7257,7205,52,6155
8355,8293,62,6156
9437,9365,72,6157
4707,4689,18,6158
4676,4657,19,6159
4652,4633,19,6160
4616,4596,20,6161
27139,27108,31,6162
26924,26892,32,6163
26714,26681,33,6164
26481,26447,34,6165
4621,3024,1597,6166
4601,2976,1625,6167
4581,2924,1657,6168
4557,2867,1690,6169
7037,6487,550,6170
6925,6368,557,6171
6817,6249,568,6172
6703,6124,579,6173
9585,7046,2539,6174
9451,6886,2565,6175
9320,6721,2599,6176
9182,6548,2634,6177
4132,2920,1212,6178
4137,2896,1241,6179
4140,2864,1276,6180
4144,2832,1312,6181
1655,619,1036,6182
1551,568,983,6183
1446,517,929,6184
1344,469,875,6185
10520,7493,3027,6186
9858,6955,2903,6187
9193,6412,2781,6188
8528,5877,2651,6189
4155,2203,1952,6190
3818,1993,1825,6191
3477,1783,1694,6192
3144,1580,1564,6193
12846,11961,885,6194
12708,11805,903,6195
12573,11649,924,6196
12428,11480,948,6197
3069,1079,1990,6198
2847,980,1867,6199
2624,881,1743,6200
2404,786,1618,6201
7196,7108,88,6202
7278,7186,92,6203
7355,7259,96,6204
7421,7321,100,6205
3714,3510,204,6206
3802,3587,215,6207
3884,3656,228,6208
3959,3717,242,6209
31302,29247,2055,6210
31264,29148,2116,6211
31225,29035,2190,6212
31151,28885,2266,6213
11718,9030,2688,6214
11495,8949,2546,6215
11210,8802,2408,6216
10898,8626,2272,6217
1935,1483,452,6218
1820,1410,410,6219
1702,1330,372,6220
1588,1251,337,6221
1509,1311,198,6222
1445,1263,182,6223
1375,1208,167,6224
1305,1151,154,6225
1815,1447,368,6226
1779,1432,347,6227
1734,1407,327,6228
1685,1376,309,6229
1403,1154,249,6230
1377,1142,235,6231
1345,1123,222,6232
1308,1098,210,6233
23495,4425,19070,6234
23986,4686,19300,6235
24326,4908,19418,6236
24580,5108,19472,6237
2288,2151,137,6238
2180,2055,125,6239
2065,1951,114,6240
1952,1848,104,6241
2085,1491,594,6242
2097,1519,578,6243
2102,1540,562,6244
2105,1557,548,6245
17006,11738,5268,6246
17255,11912,5343,6247
17466,12045,5421,6248
17643,12148,5495,6249
6110,3011,3099,6250
6412,3161,3251,6251
6615,3255,3360,6252
6773,3325,3448,6253
6986,3092,3894,6254
7028,3112,3916,6255
7078,3128,3950,6256
7123,3140,3983,6257
8156,2047,6109,6258
8076,2028,6048,6259
7987,2000,5987,6260
7902,1972,5930,6261
4789,1541,3248,6262
4580,1474,3106,6263
4377,1406,2971,6264
4174,1336,2838,6265
20825,7415,13410,6266
21511,7662,13849,6267
22000,7819,14181,6268
22387,7932,14455,6269
18692,13798,4894,6270
18610,13739,4871,6271
18534,13672,4862,6272
18466,13604,4862,6273
16374,9006,7368,6274
17089,9402,7687,6275
17577,9656,7921,6276
17961,9845,8116,6277
173672,166309,7363,6278
177748,169615,8133,6279
181371,172512,8859,6280
184732,175095,9637,6281
178066,176475,1591,6282
183759,181983,1776,6283
188678,186726,1952,6284
193225,191084,2141,6285
79681,76985,2696,6286
80950,77992,2958,6287
81972,78773,3199,6288
82839,79383,3456,6289
19794,18806,988,6290
20065,18984,1081,6291
20273,19108,1165,6292
20441,19188,1253,6293
5594,5241,353,6294
5628,5246,382,6295
5634,5226,408,6296
5643,5207,436,6297
40706,37180,3526,6298
41286,37440,3846,6299
41736,37600,4136,6300
42102,37661,4441,6301
43624,42717,907,6302
44355,43358,997,6303
44954,43873,1081,6304
45471,44303,1168,6305
29047,12555,16492,6306
29241,12070,17171,6307
29290,11607,17683,6308
29345,11146,18199,6309
121568,45812,75756,6310
124028,44441,79587,6311
126126,43353,82773,6312
128004,42021,85983,6313
182102,182012,90,6314
187787,187686,101,6315
192708,192597,111,6316
197261,197139,122,6317
33313,5865,27448,6318
32889,5604,27285,6319
32525,5381,27144,6320
32156,5174,26982,6321
21490,2276,19214,6322
21370,2184,19186,6323
21287,2108,19179,6324
21201,2037,19164,6325
2695,219,2476,6326
2675,210,2465,6327
2659,202,2457,6328
2642,194,2448,6329
5876,343,5533,6330
5816,327,5489,6331
5768,314,5454,6332
5719,302,5417,6333
6680,1108,5572,6334
6628,1063,5565,6335
6587,1025,5562,6336
6547,991,5556,6337
23373,1466,21907,6338
23262,1406,21856,6339
23194,1356,21838,6340
23119,1309,21810,6341
10319,3269,7050,6342
10382,3200,7182,6343
10463,3147,7316,6344
10542,3097,7445,6345
11068,1032,10036,6346
11065,995,10070,6347
11022,960,10062,6348
10994,929,10065,6349
1685,875,810,6350
1642,837,805,6351
1604,803,801,6352
1567,771,796,6353
12001,3552,8449,6354
12008,3456,8552,6355
12037,3378,8659,6356
12063,3305,8758,6357
29490,8921,20569,6358
29446,8670,20776,6359
29424,8457,20967,6360
29395,8257,21138,6361
7723,2320,5403,6362
7628,2229,5399,6363
7539,2151,5388,6364
7449,2077,5372,6365
11860,552,11308,6366
11797,529,11268,6367
11743,510,11233,6368
11685,492,11193,6369
37627,3431,34196,6370
37489,3300,34189,6371
37380,3190,34190,6372
37259,3088,34171,6373
4247,1388,2859,6374
4181,1331,2850,6375
4119,1281,2838,6376
4057,1234,2823,6377
9369,2274,7095,6378
9395,2214,7181,6379
9429,2165,7264,6380
9461,2119,7342,6381
7496,1342,6154,6382
7425,1288,6137,6383
7361,1241,6120,6384
7295,1197,6098,6385
11115,660,10455,6386
11172,639,10533,6387
11237,623,10614,6388
11298,607,10691,6389
88596,66060,22536,6390
89735,65980,23755,6391
90461,65684,24777,6392
91141,65367,25774,6393
10086,8170,1916,6394
10211,8186,2025,6395
10351,8220,2131,6396
10468,8236,2232,6397
7888,1147,6741,6398
7746,1076,6670,6399
7615,1016,6599,6400
7478,960,6518,6401
14863,9430,5433,6402
15047,9357,5690,6403
15254,9317,5937,6404
15428,9261,6167,6405
15915,12444,3471,6406
16052,12402,3650,6407
16229,12404,3825,6408
16377,12385,3992,6409
9039,6350,2689,6410
9086,6279,2807,6411
9158,6237,2921,6412
9215,6186,3029,6413
6730,3993,2737,6414
6710,3894,2816,6415
6710,3817,2893,6416
6697,3737,2960,6417
3849,1615,2234,6418
3813,1551,2262,6419
3788,1498,2290,6420
3755,1445,2310,6421
6164,1066,5098,6422
6029,997,5032,6423
5892,938,4954,6424
5750,881,4869,6425
8855,1902,6953,6426
8764,1804,6960,6427
8696,1724,6972,6428
8612,1648,6964,6429
99150,99143,7,6430
101905,101897,8,6431
104513,104506,7,6432
106929,106920,9,6433
2507,2423,84,6434
2526,2437,89,6435
2547,2454,93,6436
2565,2467,98,6437
1235,1000,235,6438
1249,1002,247,6439
1263,1003,260,6440
1270,1000,270,6441
16522,14838,1684,6442
16953,15151,1802,6443
17172,15269,1903,6444
17379,15377,2002,6445
13868,12830,1038,6446
14170,13062,1108,6447
14345,13174,1171,6448
14510,13277,1233,6449
5246,5148,98,6450
5330,5226,104,6451
5409,5298,111,6452
5479,5362,117,6453
6053,4468,1585,6454
6156,4488,1668,6455
6252,4500,1752,6456
6338,4505,1833,6457
186434,177259,9175,6458
189351,179372,9979,6459
191400,180369,11031,6460
193254,181535,11719,6461
38655,38655,0,6462
38905,38905,0,6463
39181,39181,0,6464
39384,39384,0,6465
21335,21153,182,6466
21676,21478,198,6467
21975,21763,212,6468
22210,21984,226,6469
13266,548,12718,6470
13286,512,12774,6471
13333,488,12845,6472
13363,463,12900,6473
31705,29552,2153,6474
32265,29922,2343,6475
32747,30242,2505,6476
33129,30466,2663,6477
9952,9696,256,6478
10210,9928,282,6479
10419,10115,304,6480
10587,10262,325,6481
27805,25330,2475,6482
28130,25457,2673,6483
28433,25592,2841,6484
28667,25660,3007,6485
7526,6911,615,6486
7667,6998,669,6487
7788,7072,716,6488
7884,7124,760,6489
103472,102891,581,6490
104973,104362,611,6491
106157,105517,640,6492
107159,106493,666,6493
8803,8803,0,6494
8969,8969,0,6495
9097,9097,0,6496
9205,9205,0,6497
13129,12896,233,6498
13192,12949,243,6499
13250,12998,252,6500
13300,13040,260,6501
1392,1347,45,6502
1384,1338,46,6503
1380,1333,47,6504
1376,1327,49,6505
11453,11393,60,6506
11634,11570,64,6507
11775,11708,67,6508
11895,11825,70,6509
13788,13633,155,6510
14116,13951,165,6511
14365,14192,173,6512
14576,14394,182,6513
49156,47497,1659,6514
50892,49103,1789,6515
52436,50526,1910,6516
53899,51868,2031,6517
5096,4895,201,6518
5210,4996,214,6519
5314,5088,226,6520
5413,5174,239,6521
7524,7015,509,6522
7674,7135,539,6523
7812,7243,569,6524
7944,7347,597,6525
4798,2854,1944,6526
4948,2893,2055,6527
5082,2925,2157,6528
5209,2952,2257,6529
17264,16803,461,6530
17732,17239,493,6531
18154,17631,523,6532
18553,18000,553,6533
3117,3111,6,6534
3141,3134,7,6535
3166,3159,7,6536
3189,3182,7,6537
142691,135400,7291,6538
143867,135353,8514,6539
143434,133787,9647,6540
142897,131980,10917,6541
23858,3212,20646,6542
23439,2755,20684,6543
22703,2363,20340,6544
21929,2018,19911,6545
3494,340,3154,6546
3430,290,3140,6547
3318,247,3071,6548
3202,210,2992,6549
4791,283,4508,6550
4739,242,4497,6551
4623,207,4416,6552
4496,177,4319,6553
7448,903,6545,6554
7167,757,6410,6555
6801,635,6166,6556
6433,530,5903,6557
7433,976,6457,6558
7380,846,6534,6559
7226,733,6493,6560
7055,632,6423,6561
6947,1663,5284,6562
6898,1464,5434,6563
6754,1285,5469,6564
6595,1121,5474,6565
3058,293,2765,6566
2904,241,2663,6567
2720,199,2521,6568
2537,164,2373,6569
5362,2371,2991,6570
5345,2160,3185,6571
5254,1954,3300,6572
5149,1753,3396,6573
4413,525,3888,6574
4368,453,3915,6575
4263,391,3872,6576
4149,335,3814,6577
6000,2190,3810,6578
6026,1987,4039,6579
6018,1807,4211,6580
6006,1635,4371,6581
7426,429,6997,6582
7346,367,6979,6583
7165,314,6851,6584
6967,267,6700,6585
2690,257,2433,6586
2697,224,2473,6587
2665,195,2470,6588
2627,169,2458,6589
1654,304,1350,6590
1620,262,1358,6591
1567,226,1341,6592
1509,193,1316,6593
3008,789,2219,6594
2993,699,2294,6595
2937,616,2321,6596
2874,540,2334,6597
31427,20722,10705,6598
31615,20383,11232,6599
31851,20150,11701,6600
32095,19917,12178,6601
2870,71,2799,6602
2782,64,2718,6603
2717,60,2657,6604
2647,55,2592,6605
7252,1437,5815,6606
7130,1340,5790,6607
7064,1273,5791,6608
6983,1206,5777,6609
14984,3855,11129,6610
14758,3617,11141,6611
14510,3417,11093,6612
14258,3227,11031,6613
3046,123,2923,6614
2980,113,2867,6615
2937,106,2831,6616
2888,99,2789,6617
6177,730,5447,6618
5756,642,5114,6619
5409,577,4832,6620
5054,514,4540,6621
4814,3136,1678,6622
4767,3035,1732,6623
4756,2970,1786,6624
4733,2897,1836,6625
6943,1946,4997,6626
6867,1836,5031,6627
6844,1761,5083,6628
6804,1684,5120,6629
3824,1831,1993,6630
3637,1682,1955,6631
3471,1561,1910,6632
3301,1442,1859,6633
9588,406,9182,6634
9231,368,8863,6635
8875,336,8539,6636
8511,306,8205,6637
7503,3463,4040,6638
7352,3276,4076,6639
7258,3140,4118,6640
7149,3003,4146,6641
5015,2082,2933,6642
4923,1967,2956,6643
4870,1885,2985,6644
4805,1801,3004,6645
2962,153,2809,6646
2875,139,2736,6647
2813,130,2683,6648
2743,120,2623,6649
4613,153,4460,6650
4509,141,4368,6651
4440,132,4308,6652
4361,123,4238,6653
2989,615,2374,6654
2967,579,2388,6655
2967,556,2411,6656
2961,531,2430,6657
14035,12167,1868,6658
14173,12219,1954,6659
14357,12324,2033,6660
14529,12414,2115,6661
2441,1547,894,6662
2477,1546,931,6663
2522,1556,966,6664
2562,1561,1001,6665
9626,2529,7097,6666
9627,2454,7173,6667
9591,2387,7204,6668
9574,2327,7247,6669
6310,3256,3054,6670
5932,3000,2932,6671
5573,2775,2798,6672
5224,2560,2664,6673
4659,2616,2043,6674
4735,2610,2125,6675
4827,2624,2203,6676
4909,2629,2280,6677
10008,7520,2488,6678
10095,7507,2588,6679
10214,7534,2680,6680
10326,7552,2774,6681
8385,833,7552,6682
8569,819,7750,6683
8786,816,7970,6684
8973,810,8163,6685
6432,2709,3723,6686
6544,2691,3853,6687
6679,2696,3983,6688
6798,2693,4105,6689
7743,1714,6029,6690
8135,1744,6391,6691
8564,1791,6773,6692
8916,1818,7098,6693
8872,3499,5373,6694
8586,3302,5284,6695
8263,3117,5146,6696
7955,2941,5014,6697
20740,8189,12551,6698
20420,7863,12557,6699
20375,7695,12680,6700
20291,7520,12771,6701
13621,8065,5556,6702
13132,7644,5488,6703
12831,7371,5460,6704
12516,7098,5418,6705
9044,2226,6818,6706
8634,2059,6575,6707
8350,1945,6405,6708
8064,1835,6229,6709
6975,779,6196,6710
6411,690,5721,6711
5973,625,5348,6712
5557,567,4990,6713
8404,1198,7206,6714
8114,1116,6998,6715
7939,1063,6876,6716
7756,1011,6745,6717
14314,2698,11616,6718
13999,2552,11447,6719
13874,2465,11409,6720
13729,2379,11350,6721
17644,2089,15555,6722
17402,1987,15415,6723
17392,1931,15461,6724
17352,1877,15475,6725
49234,22331,26903,6726
48729,21601,27128,6727
48331,21040,27291,6728
47866,20470,27396,6729
1152,104,1048,6730
1107,96,1011,6731
1066,90,976,6732
1025,84,941,6733
11059,1328,9731,6734
10812,1252,9560,6735
10595,1192,9403,6736
10369,1135,9234,6737
3412,1108,2304,6738
3220,1017,2203,6739
3048,942,2106,6740
2882,871,2011,6741
2535,569,1966,6742
2419,526,1893,6743
2315,490,1825,6744
2212,457,1755,6745
19222,7470,11752,6746
19050,7223,11827,6747
18895,7028,11867,6748
18718,6832,11886,6749
4037,1440,2597,6750
4007,1392,2615,6751
3982,1356,2626,6752
3951,1318,2633,6753
3213,1335,1878,6754
3140,1274,1866,6755
3071,1222,1849,6756
3000,1173,1827,6757
2668,159,2509,6758
2598,149,2449,6759
2533,141,2392,6760
2466,133,2333,6761
5201,852,4349,6762
5097,807,4290,6763
4998,770,4228,6764
4895,736,4159,6765
4151,468,3683,6766
4039,439,3600,6767
3934,416,3518,6768
3825,394,3431,6769
13636,1779,11857,6770
13536,1705,11831,6771
13451,1650,11801,6772
13349,1595,11754,6773
7641,877,6764,6774
7490,830,6660,6775
7349,792,6557,6776
7202,755,6447,6777
11786,5606,6180,6778
11783,5484,6299,6779
11749,5377,6372,6780
11708,5272,6436,6781
5943,1164,4779,6782
5955,1129,4826,6783
5977,1104,4873,6784
5992,1080,4912,6785
1739,501,1238,6786
1755,490,1265,6787
1776,485,1291,6788
1797,481,1316,6789
2451,514,1937,6790
2419,491,1928,6791
2365,469,1896,6792
2306,446,1860,6793
2404,687,1717,6794
2376,659,1717,6795
2328,632,1696,6796
2276,604,1672,6797
1810,645,1165,6798
1725,598,1127,6799
1635,556,1079,6800
1545,515,1030,6801
2666,922,1744,6802
2510,845,1665,6803
2358,778,1580,6804
2205,713,1492,6805
5505,2121,3384,6806
5442,2044,3398,6807
5336,1966,3370,6808
5219,1886,3333,6809
7486,5646,1840,6810
7445,5557,1888,6811
7367,5455,1912,6812
7279,5347,1932,6813
1206,457,749,6814
1139,421,718,6815
1080,391,689,6816
1021,363,658,6817
25708,22579,3129,6818
25921,22577,3344,6819
26084,22554,3530,6820
26215,22497,3718,6821
5711,3714,1997,6822
5770,3663,2107,6823
5818,3619,2199,6824
5859,3569,2290,6825
2073,296,1777,6826
2031,273,1758,6827
1985,255,1730,6828
1936,237,1699,6829
2608,1718,890,6830
2513,1617,896,6831
2416,1524,892,6832
2317,1432,885,6833
7334,3199,4135,6834
7268,3051,4217,6835
7186,2921,4265,6836
7094,2791,4303,6837
8581,4408,4173,6838
8374,4162,4212,6839
8152,3940,4212,6840
7921,3721,4200,6841
7790,1049,6741,6842
7579,963,6616,6843
7358,890,6468,6844
7130,823,6307,6845
6408,2968,3440,6846
6353,2837,3516,6847
6287,2721,3566,6848
6213,2607,3606,6849
3906,726,3180,6850
3884,683,3201,6851
3856,648,3208,6852
3825,614,3211,6853
11334,3000,8334,6854
10927,2821,8106,6855
10662,2700,7962,6856
10383,2581,7802,6857
3289,892,2397,6858
3263,863,2400,6859
3252,844,2408,6860
3242,826,2416,6861
2594,920,1674,6862
2488,863,1625,6863
2415,823,1592,6864
2341,785,1556,6865
2559,756,1803,6866
2512,724,1788,6867
2497,707,1790,6868
2479,689,1790,6869
14367,10237,4130,6870
13882,9831,4051,6871
13547,9548,3999,6872
13197,9263,3934,6873
12129,10795,1334,6874
11551,10257,1294,6875
11145,9879,1266,6876
10722,9489,1233,6877
1963,676,1287,6878
1916,650,1266,6879
1884,633,1251,6880
1852,616,1236,6881
5528,2346,3182,6882
5541,2323,3218,6883
5557,2308,3249,6884
5574,2297,3277,6885
1816,592,1224,6886
1844,592,1252,6887
1867,593,1274,6888
1888,594,1294,6889
246970,233328,13642,6890
252671,237966,14705,6891
256093,240595,15498,6892
258728,242485,16243,6893
5412,983,4429,6894
5495,953,4542,6895
5587,906,4681,6896
4606,2297,2309,6897
4546,2205,2341,6898
4412,2094,2318,6899
4279,1989,2290,6900
7374,1234,6140,6901
7479,1195,6284,6902
7545,1165,6380,6903
7597,1134,6463,6904
70831,65520,5311,6905
73839,68013,5826,6906
75559,69365,6194,6907
76879,70347,6532,6908
11490,4147,7343,6909
11446,4053,7393,6910
11374,3968,7406,6911
11289,3884,7405,6912
5636,2054,3582,6913
5633,2015,3618,6914
5623,1982,3641,6915
5611,1950,3661,6916
3319,1624,1695,6917
3269,1575,1694,6918
3199,1523,1676,6919
3122,1470,1652,6920
4236,445,3791,6921
4212,431,3781,6922
4177,419,3758,6923
4136,407,3729,6924
6061,1511,4550,6925
6145,1498,4647,6926
6220,1491,4729,6927
6290,1483,4807,6928
2312,345,1967,6929
2308,335,1973,6930
2300,328,1972,6931
2291,321,1970,6932
3543,1861,1682,6933
3235,1676,1559,6934
3022,1548,1474,6935
2808,1424,1384,6936
2155,1024,1131,6937
2127,995,1132,6938
2089,965,1124,6939
2045,934,1111,6940
7517,1582,5935,6941
7480,1538,5942,6942
7422,1500,5922,6943
7356,1460,5896,6944
10306,1881,8425,6945
10233,1823,8410,6946
10126,1771,8355,6947
10004,1718,8286,6948
25159,11485,13674,6949
24795,11075,13720,6950
24651,10826,13825,6951
24474,10571,13903,6952
1787,1523,264,6953
1743,1476,267,6954
1717,1447,270,6955
1687,1415,272,6956
4985,589,4396,6957
4930,563,4367,6958
4922,546,4376,6959
4904,530,4374,6960
1366,880,486,6961
1344,853,491,6962
1335,838,497,6963
1323,821,502,6964
2710,380,2330,6965
2579,349,2230,6966
2476,326,2150,6967
2373,305,2068,6968
917,559,358,6969
876,525,351,6970
846,501,345,6971
815,477,338,6972
942,378,564,6973
849,332,517,6974
775,298,477,6975
710,268,442,6976
83623,62131,21492,6977
85365,63094,22271,6978
86774,63816,22958,6979
88059,64441,23618,6980
4729,4161,568,6981
4792,4206,586,6982
4848,4246,602,6983
4889,4271,618,6984
1681,1325,356,6985
1677,1316,361,6986
1673,1307,366,6987
1664,1295,369,6988
16165,6432,9733,6989
15972,6278,9694,6990
15771,6128,9643,6991
15547,5972,9575,6992
22947,16168,6779,6993
22909,16044,6865,6994
22876,15930,6946,6995
22810,15793,7017,6996
2905,2249,656,6997
2916,2247,669,6998
2931,2249,682,6999
2942,2248,694,7000
18244,17390,854,7001
18627,17739,888,7002
18949,18029,920,7003
19240,18289,951,7004
9243,4370,4873,7005
9595,4491,5104,7006
9880,4577,5303,7007
10136,4647,5489,7008
14762,2473,12289,7009
15041,2479,12562,7010
15279,2479,12800,7011
15494,2472,13022,7012
2741,1012,1729,7013
2735,998,1737,7014
2734,985,1749,7015
2733,973,1760,7016
8668,6343,2325,7017
8638,6288,2350,7018
8627,6247,2380,7019
8617,6206,2411,7020
6209,5401,808,7021
6257,5429,828,7022
6303,5455,848,7023
6344,5476,868,7024
16664,12064,4600,7025
16998,12258,4740,7026
17282,12414,4868,7027
17540,12549,4991,7028
2375,1383,992,7029
2359,1366,993,7030
2350,1353,997,7031
2342,1340,1002,7032
12750,3269,9481,7033
13096,3323,9773,7034
13384,3360,10024,7035
13645,3389,10256,7036
7185,2287,4898,7037
7305,2302,5003,7038
7409,2312,5097,7039
7502,2319,5183,7040
3171,1401,1770,7041
3225,1413,1812,7042
3271,1422,1849,7043
3313,1429,1884,7044
14585,8742,5843,7045
14798,8819,5979,7046
15009,8894,6115,7047
15204,8959,6245,7048
5098,3025,2073,7049
5374,3170,2204,7050
5601,3284,2317,7051
5805,3385,2420,7052
2051,1209,842,7053
1992,1168,824,7054
1931,1125,806,7055
1871,1084,787,7056
4619,2253,2366,7057
4716,2283,2433,7058
4806,2310,2496,7059
4888,2332,2556,7060
2425,1193,1232,7061
2395,1170,1225,7062
2350,1140,1210,7063
2306,1111,1195,7064
819,751,68,7065
822,753,69,7066
828,758,70,7067
832,760,72,7068
15288,13505,1783,7069
15474,13639,1835,7070
15640,13753,1887,7071
15773,13839,1934,7072
14532,6671,7861,7073
14486,6580,7906,7074
14425,6484,7941,7075
14365,6392,7973,7076
7245,3956,3289,7077
7435,4024,3411,7078
7602,4079,3523,7079
7771,4134,3637,7080
10787,6365,4422,7081
11081,6487,4594,7082
11297,6561,4736,7083
11466,6608,4858,7084
3191,1949,1242,7085
3100,1879,1221,7086
2998,1804,1194,7087
2895,1730,1165,7088
9156,2386,6770,7089
9134,2345,6789,7090
9085,2299,6786,7091
9036,2257,6779,7092
3725,1889,1836,7093
3842,1929,1913,7094
3926,1953,1973,7095
3992,1967,2025,7096
1700,765,935,7097
1715,764,951,7098
1732,764,968,7099
1744,761,983,7100
1963,967,996,7101
1920,937,983,7102
1863,901,962,7103
1806,864,942,7104
14440,10029,4411,7105
14593,10075,4518,7106
14737,10115,4622,7107
14855,10137,4718,7108
5789,2273,3516,7109
5857,2273,3584,7110
5919,2270,3649,7111
5970,2263,3707,7112
33472,30172,3300,7113
34024,30671,3353,7114
34568,31153,3415,7115
35093,31615,3478,7116
16221,5010,11211,7117
17190,5310,11880,7118
18060,5569,12491,7119
18897,5811,13086,7120
9113,4814,4299,7121
9409,4971,4438,7122
9684,5110,4574,7123
9948,5238,4710,7124
6529,3723,2806,7125
6752,3850,2902,7126
6958,3963,2995,7127
7158,4070,3088,7128
5765,1479,4286,7129
5818,1493,4325,7130
5874,1504,4370,7131
5927,1513,4414,7132
11162,9981,1181,7133
11450,10223,1227,7134
11680,10410,1270,7135
11895,10584,1311,7136
3035,1311,1724,7137
3019,1293,1726,7138
3019,1282,1737,7139
3014,1268,1746,7140
2165,1753,412,7141
2186,1765,421,7142
2208,1777,431,7143
2224,1784,440,7144
882,843,39,7145
881,842,39,7146
880,840,40,7147
878,838,40,7148
3008,2814,194,7149
3019,2821,198,7150
3034,2832,202,7151
3044,2838,206,7152
1207,1207,0,7153
1199,1199,0,7154
1198,1198,0,7155
1195,1195,0,7156
3867,2780,1087,7157
3823,2737,1086,7158
3774,2690,1084,7159
3720,2639,1081,7160
10134,2821,7313,7161
10440,2876,7564,7162
10670,2906,7764,7163
10885,2932,7953,7164
3897,2517,1380,7165
3888,2498,1390,7166
3878,2478,1400,7167
3862,2454,1408,7168
4134,1900,2234,7169
4134,1886,2248,7170
4135,1870,2265,7171
4131,1852,2279,7172
26323,24251,2072,7173
26660,24515,2145,7174
26962,24750,2212,7175
27203,24928,2275,7176
7925,2956,4969,7177
7955,2923,5032,7178
7990,2897,5093,7179
8012,2866,5146,7180
19703,16528,3175,7181
20862,17433,3429,7182
21880,18218,3662,7183
22871,18977,3894,7184
45934,38458,7476,7185
46862,39083,7779,7186
47584,39541,8043,7187
48250,39954,8296,7188
17206,9751,7455,7189
17183,9638,7545,7190
17168,9538,7630,7191
17133,9430,7703,7192
2031,1761,270,7193
2094,1810,284,7194
2147,1851,296,7195
2191,1883,308,7196
3694,2370,1324,7197
3678,2339,1339,7198
3671,2316,1355,7199
3660,2291,1369,7200
2617,2089,528,7201
2573,2043,530,7202
2541,2009,532,7203
2510,1975,535,7204
3827,3398,429,7205
3784,3351,433,7206
3755,3318,437,7207
3724,3282,442,7208
81787,81100,687,7209
82900,82188,712,7210
83892,83157,735,7211
84794,84038,756,7212
910,557,353,7213
915,556,359,7214
923,556,367,7215
927,554,373,7216
3714,3087,627,7217
3778,3128,650,7218
3834,3164,670,7219
3885,3195,690,7220
10422,6790,3632,7221
10580,6840,3740,7222
10719,6881,3838,7223
10845,6915,3930,7224
2364,1922,442,7225
2407,1948,459,7226
2445,1971,474,7227
2478,1990,488,7228
2514,1781,733,7229
2551,1796,755,7230
2585,1809,776,7231
2615,1820,795,7232
5446,2424,3022,7233
5542,2437,3105,7234
5624,2446,3178,7235
5700,2452,3248,7236
4072,3898,174,7237
4147,3966,181,7238
4212,4024,188,7239
4270,4077,193,7240
47438,43186,4252,7241
49359,44846,4513,7242
50923,46182,4741,7243
52334,47375,4959,7244
41348,38284,3064,7245
43287,40014,3273,7246
44851,41398,3453,7247
46263,42637,3626,7248
2068,1230,838,7249
2028,1195,833,7250
1998,1168,830,7251
1972,1143,829,7252
1714,1671,43,7253
1734,1690,44,7254
1752,1706,46,7255
1770,1723,47,7256
7050,5456,1594,7257
6810,5244,1566,7258
6625,5078,1547,7259
6459,4929,1530,7260
2010,1772,238,7261
2036,1791,245,7262
2059,1807,252,7263
2081,1821,260,7264
30203,20932,9271,7265
30496,21033,9463,7266
30566,21148,9418,7267
30856,21251,9605,7268
12414,4846,7568,7269
12525,4844,7681,7270
12641,4843,7798,7271
12753,4842,7911,7272
11056,3159,7897,7273
11095,3136,7959,7274
11138,3114,8024,7275
11175,3091,8084,7276
1355,432,923,7277
1374,434,940,7278
1392,434,958,7279
1410,436,974,7280
21072,12707,8365,7281
20960,12563,8397,7282
14838,8836,6002,7283
14758,8736,6022,7284
6249,3589,2660,7285
6218,3549,2669,7286
103125,102341,784,7287
104314,103468,846,7288
105248,104344,904,7289
106071,105104,967,7290
35319,35198,121,7291
35258,35129,129,7292
35035,34900,135,7293
34733,34591,142,7294
3355,1160,2195,7295
3424,1134,2290,7296
3478,1108,2370,7297
3526,1080,2446,7298
32991,32875,116,7299
32834,32711,123,7300
32530,32400,130,7301
32153,32018,135,7302
2779,1162,1617,7303
2688,1082,1606,7304
2586,1005,1581,7305
2484,930,1554,7306
2251,1441,810,7307
2277,1423,854,7308
2291,1400,891,7309
2304,1376,928,7310
2150,713,1437,7311
2232,709,1523,7312
2309,704,1605,7313
2384,698,1686,7314
19240,18466,774,7315
19415,18584,831,7316
19447,18567,880,7317
19471,18539,932,7318
3564,2862,702,7319
3686,2921,765,7320
3794,2971,823,7321
3897,3011,886,7322
127017,126596,421,7323
133338,132866,472,7324
139270,138747,523,7325
145066,144488,578,7326
6630,226,6404,7327
6726,215,6511,7328
6793,205,6588,7329
6846,196,6650,7330
2420,1635,785,7331
2359,1588,771,7332
2353,1581,772,7333
2343,1572,771,7334
997,978,19,7335
970,951,19,7336
965,946,19,7337
959,939,20,7338
1161,1061,100,7339
1120,1023,97,7340
1105,1008,97,7341
1088,992,96,7342
449,341,108,7343
479,363,116,7344
517,391,126,7345
554,419,135,7346
503,466,37,7347
480,444,36,7348
470,435,35,7349
457,423,34,7350
712,601,111,7351
685,578,107,7352
673,567,106,7353
661,556,105,7354
2620,1389,1231,7355
2669,1398,1271,7356
2732,1415,1317,7357
2784,1427,1357,7358
6452,5725,727,7359
6663,5895,768,7360
6909,6097,812,7361
7133,6277,856,7362
3223,2095,1128,7363
3217,2072,1145,7364
3208,2049,1159,7365
3198,2026,1172,7366
3593,2718,875,7367
3585,2705,880,7368
3583,2693,890,7369
3578,2683,895,7370
310,130,180,7371
295,123,172,7372
294,122,172,7373
292,120,172,7374
234,209,25,7375
219,195,24,7376
218,194,24,7377
332,325,7,7378
325,318,7,7379
322,316,6,7380
319,312,7,7381
348,345,3,7382
334,331,3,7383
333,330,3,7384
332,329,3,7385
510,437,73,7386
488,418,70,7387
488,417,71,7388
484,413,71,7389
322,301,21,7390
312,292,20,7391
309,289,20,7392
306,285,21,7393
598,554,44,7394
582,538,44,7395
581,537,44,7396
111761,110285,1476,7397
113458,111944,1514,7398
115148,113589,1559,7399
116717,115113,1604,7400
25242,24244,998,7401
25679,24654,1025,7402
25929,24880,1049,7403
26120,25047,1073,7404
10434,9852,582,7405
10679,10078,601,7406
10849,10229,620,7407
10995,10358,637,7408
7460,3975,3485,7409
7578,4019,3559,7410
7643,4026,3617,7411
7691,4021,3670,7412
8936,7351,1585,7413
9035,7419,1616,7414
9078,7435,1643,7415
9112,7442,1670,7416
4826,4732,94,7417
4927,4830,97,7418
4994,4895,99,7419
5049,4948,101,7420
13476,12931,545,7421
13807,13237,570,7422
14099,13507,592,7423
14369,13755,614,7424
2658,411,2247,7425
2700,411,2289,7426
2737,410,2327,7427
2772,409,2363,7428
7297,5905,1392,7429
7620,6144,1476,7430
7923,6365,1558,7431
8220,6581,1639,7432
24756,24366,390,7433
25390,24992,398,7434
26050,25637,413,7435
26665,26239,426,7436
18931,18625,306,7437
19195,18886,309,7438
19512,19194,318,7439
19806,19481,325,7440
3991,3333,658,7441
4320,3610,710,7442
4505,3759,746,7443
4686,3904,782,7444
6931,4737,2194,7445
7133,4883,2250,7446
7245,4944,2301,7447
7354,5002,2352,7448
168924,161553,7371,7449
172052,164334,7718,7450
174981,167002,7979,7451
177751,169430,8321,7452
19029,7667,11362,7453
19598,7759,11839,7454
20113,7881,12232,7455
20601,7938,12663,7456
12217,1436,10781,7457
12350,1414,10936,7458
12481,1408,11073,7459
12605,1387,11218,7460
11937,3401,8536,7461
11961,3338,8623,7462
11997,3306,8691,7463
12030,3250,8780,7464
115625,109712,5913,7465
118666,112428,6238,7466
121443,114955,6488,7467
124069,117267,6802,7468
5690,2614,3076,7469
5742,2596,3146,7470
5794,2595,3199,7471
5843,2577,3266,7472
103880,101465,2415,7473
107364,104796,2568,7474
110502,107815,2687,7475
113470,110635,2835,7476
38611,18119,20492,7477
39732,18552,21180,7478
40699,18231,22468,7479
41621,18537,23084,7480
8123,3781,4342,7481
8264,3828,4436,7482
8390,3870,4520,7483
8510,3905,4605,7484
10303,2723,7580,7485
10618,2786,7832,7486
10890,2843,8047,7487
11149,2888,8261,7488
2359,641,1718,7489
2435,657,1778,7490
2501,671,1830,7491
2564,683,1881,7492
36918,28667,8251,7493
38100,29535,8565,7494
29520,24703,4817,7495
30297,25315,4982,7496
11656,7363,4293,7497
12065,7601,4464,7498
12431,7812,4619,7499
12786,8006,4780,7500
9803,4622,5181,7501
10219,4799,5420,7502
10588,4993,5595,7503
10946,5137,5809,7504
10080,5049,5031,7505
10501,5240,5261,7506
10874,5199,5675,7507
11236,5346,5890,7508
6037,4524,1513,7509
6159,4606,1553,7510
6272,4918,1354,7511
6380,4993,1387,7512
4434,2725,1709,7513
4550,2786,1764,7514
5209,2894,2315,7515
5346,2958,2388,7516
3317,1389,1928,7517
3284,1368,1916,7518
3281,1364,1917,7519
3270,1351,1919,7520
